 1     0.39       0.0   -1.6    1
 2     0.39     0.693   -1.2    1
 3     0.39     1.386   -0.8    1
 4     0.39    -0.693   -1.2    1
 5     0.39       0.0   -0.8    1
 6     0.39     0.693   -0.4    1
 7     0.39     1.386    0.0    1
 8     0.39    -1.386   -0.8    1
 9     0.39    -0.693   -0.4    1
10     0.39     0.693    0.4    1
11     0.39     1.386    0.8    1
12     0.39    -1.386    0.0    1
13     0.39    -0.693    0.4    1
14     0.39       0.0    0.8    1
15     0.39     0.693    1.2    1
16     0.39    -1.386    0.8    1
17     0.39    -0.693    1.2    1
18     0.39       0.0    1.6    1
