1. 1.
-8.0 0.0
-7.0 0.0
-6.0 0.0
-5.0 0.0
-4.0 0.0
-3.0 0.0
-2.0 0.0
-1.0 0.0
0.0 -2.08694e-08
1.0 -1.51312e-06
2.0 -6.17059e-05
3.0 -3.13612e-04
4.0 -6.82434e-04
5.0 -1.08586e-03
6.0 -1.44077e-03
7.0 -1.72114e-03
8.0 -1.90689e-03
9.0 -1.99704e-03
10.0 -2.0e-03
11.0 -1.93023e-03
12.0 -1.80624e-03
13.0 -1.64618e-03
14.0 -1.46799e-03
15.0 -1.28513e-03
16.0 -1.11063e-03
17.0 -9.50008e-04
18.0 -8.05850e-04
19.0 -6.81453e-04
20.0 -5.77635e-04
21.0 -4.94896e-04
22.0 -4.31569e-04
23.0 -3.83638e-04
24.0 -3.47842e-04
25.0 -3.20632e-04
26.0 -2.99922e-04
27.0 -2.83105e-04
28.0 -2.68324e-04
29.0 -2.54785e-04
30.0 -2.40782e-04
31.0 -2.26717e-04
32.0 -2.12331e-04
33.0 -1.98374e-04
34.0 -1.83524e-04
35.0 -1.69424e-04
36.0 -1.55579e-04
37.0 -1.42369e-04
38.0 -1.29909e-04
39.0 -1.18334e-04
40.0 -1.08320e-04
41.0 -9.89224e-05
42.0 -9.09829e-05
43.0 -8.40944e-05
44.0 -7.77247e-05
45.0 -7.28813e-05
46.0 -6.84971e-05
47.0 -6.43663e-05
48.0 -6.12476e-05
49.0 -5.83680e-05
50.0 -5.53627e-05
51.0 -5.24812e-05
52.0 -4.97028e-05
53.0 -4.69195e-05
54.0 -4.43017e-05
55.0 -4.16801e-05
56.0 -3.91663e-05
57.0 -3.65088e-05
58.0 -3.40894e-05
59.0 -3.20093e-05
60.0 -2.99737e-05
61.0 -2.80533e-05
62.0 -2.62974e-05
63.0 -2.48269e-05
64.0 -2.34726e-05
65.0 -2.22629e-05
66.0 -2.08151e-05
67.0 -1.97207e-05
68.0 -1.88919e-05
69.0 -1.80517e-05
70.0 -1.74242e-05
71.0 -1.65869e-05
72.0 -1.61105e-05
73.0 -1.56569e-05
74.0 -1.47629e-05
75.0 -1.49009e-05
76.0 -1.49566e-05
77.0 -1.47298e-05
78.0 -1.49651e-05
79.0 -1.55161e-05
80.0 -1.55482e-05
81.0 -1.52430e-05
82.0 -1.54424e-05
83.0 -1.52969e-05
84.0 -1.54641e-05
85.0 -1.52165e-05
86.0 -1.56097e-05
87.0 -1.48640e-05
88.0 -1.54159e-05
89.0 -1.45134e-05
90.0 -1.39634e-05
91.0 -1.38660e-05
92.0 -1.39775e-05
93.0 -1.38386e-05
94.0 -1.40673e-05
95.0 -1.37961e-05
96.0 -1.40286e-05
97.0 -1.35220e-05
98.0 -1.38670e-05
99.0 -1.32432e-05
100.0 -1.26261e-05
101.0 -1.19816e-05
102.0 -1.13153e-05
103.0 -1.07086e-05
104.0 -9.87881e-06
105.0 -9.63404e-06
106.0 -8.99518e-06
107.0 -8.70221e-06
108.0 -8.41491e-06
109.0 -8.49240e-06
110.0 -8.84491e-06
111.0 -8.92052e-06
112.0 -8.78254e-06
113.0 -9.46015e-06
114.0 -9.03582e-06
115.0 -9.48755e-06
116.0 -9.54993e-06
117.0 -9.77107e-06
118.0 -9.44975e-06
119.0 -9.62648e-06
120.0 -9.99600e-06
121.0 -9.74556e-06
122.0 -1.00933e-05
123.0 -1.05895e-05
124.0 -1.03268e-05
125.0 -1.05356e-05
126.0 -1.06717e-05
127.0 -1.11036e-05
128.0 -1.09930e-05
129.0 -1.07530e-05
130.0 -1.07643e-05
131.0 -1.07861e-05
132.0 -1.08777e-05
133.0 -1.07435e-05
134.0 -1.05167e-05
135.0 -1.07587e-05
136.0 -1.08210e-05
137.0 -1.09297e-05
138.0 -1.10280e-05
139.0 -1.11064e-05
140.0 -1.06027e-05
141.0 -1.06594e-05
142.0 -1.06065e-05
143.0 -1.04468e-05
144.0 -1.02635e-05
145.0 -1.01387e-05
146.0 -9.62175e-06
147.0 -9.32973e-06
148.0 -9.10102e-06
149.0 -8.78159e-06
150.0 -8.39695e-06
151.0 -8.13044e-06
152.0 -7.69005e-06
153.0 -7.47363e-06
154.0 -6.88580e-06
155.0 -6.40287e-06
156.0 -5.98610e-06
157.0 -5.78858e-06
158.0 -5.20075e-06
159.0 -5.18563e-06
160.0 -4.95598e-06
161.0 -4.92196e-06
162.0 -4.95031e-06
163.0 -4.99473e-06
164.0 -4.89172e-06
165.0 -5.22533e-06
166.0 -5.52869e-06
167.0 -5.62698e-06
168.0 -6.45485e-06
169.0 -6.17700e-06
170.0 -6.49738e-06
171.0 -6.63630e-06
172.0 -6.82342e-06
173.0 -6.39248e-06
174.0 -7.08993e-06
175.0 -6.90659e-06
176.0 -7.12868e-06
177.0 -6.77428e-06
178.0 -6.76199e-06
179.0 -6.61078e-06
180.0 -6.27245e-06
181.0 -5.97476e-06
182.0 -5.40394e-06
183.0 -5.08546e-06
184.0 -4.92102e-06
185.0 -4.31334e-06
186.0 -4.00052e-06
187.0 -3.54217e-06
188.0 -3.01577e-06
189.0 -2.65948e-06
190.0 -2.80691e-06
191.0 -2.45724e-06
192.0 -2.20113e-06
193.0 -1.99794e-06
194.0 -2.41471e-06
195.0 -2.50260e-06
196.0 -2.40526e-06
197.0 -2.37785e-06
198.0 -2.36084e-06
199.0 -2.52623e-06
200.0 -2.75588e-06
201.0 -2.91843e-06
202.0 -2.88346e-06
203.0 -3.14997e-06
204.0 -3.31252e-06
205.0 -3.21045e-06
206.0 -3.28133e-06
207.0 -3.73496e-06
208.0 -3.64046e-06
209.0 -3.48736e-06
210.0 -3.88523e-06
211.0 -3.87105e-06
212.0 -4.00052e-06
213.0 -3.54311e-06
214.0 -3.47129e-06
215.0 -3.27944e-06
216.0 -3.94288e-06
217.0 -3.24259e-06
218.0 -3.89090e-06
219.0 -3.51382e-06
220.0 -3.58092e-06
221.0 -3.22463e-06
222.0 -3.42309e-06
223.0 -2.95529e-06
224.0 -2.75966e-06
225.0 -2.64153e-06
226.0 -2.86361e-06
227.0 -2.68216e-06
228.0 -2.70957e-06
229.0 -2.24933e-06
230.0 -2.70768e-06
231.0 -2.69067e-06
232.0 -3.02333e-06
233.0 -2.98458e-06
234.0 -3.20195e-06
235.0 -3.35032e-06
236.0 -3.41742e-06
237.0 -3.63668e-06
238.0 -3.91641e-06
239.0 -3.59037e-06
240.0 -3.66786e-06
241.0 -3.82474e-06
242.0 -3.78978e-06
243.0 -4.15646e-06
244.0 -3.92303e-06
245.0 -4.17914e-06
246.0 -4.16875e-06
247.0 -4.55717e-06
248.0 -4.46455e-06
249.0 -4.57040e-06
250.0 -4.58363e-06
251.0 -4.16591e-06
252.0 -4.06762e-06
253.0 -3.75386e-06
254.0 -3.70189e-06
255.0 -3.46656e-06
256.0 -3.50153e-06
257.0 -3.05263e-06
258.0 -3.09705e-06
259.0 -2.89008e-06
260.0 -2.91087e-06
261.0 -2.46385e-06
262.0 -2.35895e-06
263.0 -2.27484e-06
264.0 -2.45629e-06
265.0 -2.32021e-06
266.0 -2.34478e-06
267.0 -1.92706e-06
268.0 -1.52919e-06
269.0 -1.51785e-06
270.0 -1.27591e-06
271.0 -9.65931e-07
272.0 -7.48568e-07
273.0 -6.29490e-07
274.0 -6.34215e-07
275.0 -1.02545e-09
276.0 -3.23290e-07
277.0 -4.35752e-07
278.0 -1.82475e-07
279.0 0.0
280.0 0.0
281.0 0.0
282.0 0.0
283.0 -1.92873e-07
284.0 -2.76982e-07
285.0 -4.54654e-07
286.0 -6.52171e-07
287.0 -6.92809e-07
288.0 -1.30993e-06
289.0 -1.05477e-06
290.0 -1.58684e-06
291.0 -1.57266e-06
*
10.  1.
-8 -0.000000
-7 -0.000000
-6 -0.000000
-5 -0.000000
-4 -0.000000
-3 -0.000000
-2 -0.000000
-1 -0.000000
0 -0.000000
0 0.000172
1 -0.000881
2 -0.007570
3 -0.016772
4 -0.020892
5 -0.018485
6 -0.012623
7 -0.006876
8 -0.003052
9 -0.001274
10 -0.000844
11 -0.000892
12 -0.000892
13 -0.000731
14 -0.000468
15 -0.000205
16 -0.000036
17 0.000058
18 0.000083
19 0.000057
20 0.000050
21 0.000066
22 0.000104
23 0.000153
24 0.000175
25 0.000176
26 0.000148
27 0.000118
28 0.000095
29 0.000105
30 0.000114
31 0.000127
32 0.000128
33 0.000128
34 0.000129
35 0.000133
36 0.000138
37 0.000137
38 0.000134
39 0.000136
40 0.000142
41 0.000150
42 0.000161
43 0.000177
44 0.000189
45 0.000199
46 0.000203
47 0.000208
48 0.000206
49 0.000208
50 0.000221
51 0.000222
52 0.000235
53 0.000249
54 0.000253
55 0.000257
56 0.000255
57 0.000255
58 0.000251
59 0.000246
60 0.000239
61 0.000243
62 0.000241
63 0.000245
64 0.000252
65 0.000261
66 0.000261
67 0.000266
68 0.000269
69 0.000274
70 0.000276
71 0.000277
72 0.000282
73 0.000277
74 0.000276
75 0.000268
76 0.000259
77 0.000257
78 0.000246
79 0.000243
80 0.000234
81 0.000233
82 0.000228
83 0.000234
84 0.000241
85 0.000257
86 0.000264
87 0.000264
88 0.000269
89 0.000266
90 0.000266
91 0.000277
92 0.000283
93 0.000286
94 0.000286
95 0.000282
96 0.000276
97 0.000275
98 0.000267
99 0.000260
100 0.000246
101 0.000245
102 0.000239
103 0.000230
104 0.000224
105 0.000223
106 0.000229
107 0.000229
108 0.000226
109 0.000229
110 0.000226
111 0.000229
112 0.000233
113 0.000226
114 0.000227
115 0.000226
116 0.000228
117 0.000231
118 0.000232
119 0.000230
120 0.000219
121 0.000212
122 0.000208
123 0.000207
124 0.000211
125 0.000211
126 0.000214
127 0.000213
128 0.000212
129 0.000222
130 0.000223
131 0.000223
132 0.000224
133 0.000220
134 0.000219
135 0.000224
136 0.000226
137 0.000228
138 0.000233
139 0.000240
140 0.000236
141 0.000235
142 0.000234
143 0.000234
144 0.000236
145 0.000236
146 0.000232
147 0.000234
148 0.000243
149 0.000239
150 0.000234
151 0.000233
152 0.000231
153 0.000236
154 0.000244
155 0.000249
156 0.000255
157 0.000257
158 0.000265
159 0.000265
160 0.000263
161 0.000266
162 0.000264
163 0.000269
164 0.000272
165 0.000273
166 0.000269
167 0.000262
168 0.000262
169 0.000260
170 0.000262
171 0.000261
172 0.000265
173 0.000258
174 0.000251
175 0.000248
176 0.000239
177 0.000241
178 0.000244
179 0.000243
180 0.000244
181 0.000246
182 0.000244
183 0.000248
184 0.000255
185 0.000256
186 0.000263
187 0.000267
188 0.000264
189 0.000263
190 0.000265
191 0.000260
192 0.000257
193 0.000260
194 0.000257
195 0.000255
196 0.000249
197 0.000245
198 0.000240
199 0.000239
200 0.000242
201 0.000248
202 0.000253
203 0.000256
204 0.000255
205 0.000246
206 0.000246
207 0.000249
208 0.000256
209 0.000257
210 0.000253
211 0.000258
212 0.000254
213 0.000258
214 0.000261
215 0.000257
216 0.000261
217 0.000255
218 0.000252
219 0.000252
220 0.000254
221 0.000255
222 0.000258
223 0.000252
224 0.000245
225 0.000251
226 0.000250
227 0.000254
228 0.000252
229 0.000257
230 0.000261
231 0.000253
232 0.000254
233 0.000244
234 0.000244
235 0.000239
236 0.000237
237 0.000236
238 0.000236
239 0.000238
240 0.000236
241 0.000230
242 0.000231
243 0.000231
244 0.000228
245 0.000224
246 0.000221
247 0.000221
248 0.000223
249 0.000219
250 0.000218
251 0.000222
252 0.000223
253 0.000223
254 0.000219
255 0.000224
256 0.000191
257 0.000093
258 0.000024
259 0.000003
260 0.000000
261 0.000000
262 -0.000000
263 -0.000000
264 -0.000000
265 -0.000000
266 -0.000000
267 -0.000000
268 -0.000000
269 -0.000000
270 -0.000000
271 -0.000000
272 -0.000000
273 -0.000000
274 -0.000000
275 -0.000000
277 -0.000000
278 -0.000000
279 -0.000000
280 -0.000000
281 -0.000000
282 -0.000000
283 -0.000000
284 -0.000000
285 -0.000000
286 -0.000000
287 -0.000000
288 -0.000000
289 -0.000000
290 -0.000000
291 0.000209
*
100. 1.
-8 -0.000000
-7 -0.000000
-6 -0.000000
-5 -0.000000
-4 -0.000000
-3 -0.000000
-2 -0.000000
-1 -0.000000
0 -0.000000
0 0.000324
1 -0.006455
2 -0.065576
3 -0.155860
4 -0.201558
5 -0.184104
6 -0.129872
7 -0.072930
8 -0.033314
9 -0.014052
10 -0.008852
11 -0.009217
12 -0.009764
13 -0.008791
14 -0.006642
15 -0.004338
16 -0.002658
17 -0.001764
18 -0.001519
19 -0.001550
20 -0.001562
21 -0.001467
22 -0.001263
23 -0.000977
24 -0.000802
25 -0.000727
26 -0.000726
27 -0.000772
28 -0.000811
29 -0.000802
30 -0.000763
31 -0.000687
32 -0.000623
33 -0.000599
34 -0.000599
35 -0.000639
36 -0.000646
37 -0.000644
38 -0.000623
39 -0.000591
40 -0.000518
41 -0.000435
42 -0.000311
43 -0.000168
44 -0.000068
45 0.000035
46 0.000095
47 0.000113
48 0.000133
49 0.000132
50 0.000118
51 0.000127
52 0.000176
53 0.000257
54 0.000321
55 0.000346
56 0.000342
57 0.000316
58 0.000300
59 0.000302
60 0.000286
61 0.000300
62 0.000327
63 0.000354
64 0.000405
65 0.000468
66 0.000541
67 0.000577
68 0.000613
69 0.000642
70 0.000652
71 0.000688
72 0.000710
73 0.000724
74 0.000710
75 0.000673
76 0.000627
77 0.000583
78 0.000525
79 0.000459
80 0.000377
81 0.000336
82 0.000320
83 0.000323
84 0.000384
85 0.000446
86 0.000477
87 0.000482
88 0.000452
89 0.000439
90 0.000454
91 0.000457
92 0.000456
93 0.000463
94 0.000467
95 0.000473
96 0.000477
97 0.000462
98 0.000446
99 0.000417
100 0.000372
101 0.000336
102 0.000292
103 0.000266
104 0.000247
105 0.000227
106 0.000206
107 0.000171
108 0.000150
109 0.000144
110 0.000136
111 0.000119
112 0.000105
113 0.000119
114 0.000122
115 0.000122
116 0.000143
117 0.000138
118 0.000112
119 0.000072
120 0.000027
121 -0.000034
122 -0.000076
123 -0.000106
124 -0.000128
125 -0.000108
126 -0.000102
127 -0.000080
128 -0.000084
129 -0.000083
130 -0.000079
131 -0.000086
132 -0.000065
133 -0.000054
134 -0.000063
135 -0.000034
136 0.000039
137 0.000106
138 0.000178
139 0.000224
140 0.000255
141 0.000279
142 0.000313
143 0.000316
144 0.000307
145 0.000324
146 0.000314
147 0.000290
148 0.000266
149 0.000225
150 0.000214
151 0.000221
152 0.000234
153 0.000255
154 0.000268
155 0.000290
156 0.000325
157 0.000364
158 0.000418
159 0.000480
160 0.000498
161 0.000493
162 0.000495
163 0.000488
164 0.000480
165 0.000489
166 0.000495
167 0.000477
168 0.000470
169 0.000449
170 0.000442
171 0.000450
172 0.000424
173 0.000395
174 0.000367
175 0.000333
176 0.000323
177 0.000327
178 0.000342
179 0.000364
180 0.000359
181 0.000349
182 0.000395
183 0.000402
184 0.000398
185 0.000409
186 0.000420
187 0.000408
188 0.000404
189 0.000414
190 0.000403
191 0.000395
192 0.000363
193 0.000324
194 0.000300
195 0.000302
196 0.000311
197 0.000315
198 0.000314
199 0.000300
200 0.000296
201 0.000315
202 0.000345
203 0.000370
204 0.000373
205 0.000387
206 0.000380
207 0.000400
208 0.000436
209 0.000456
210 0.000475
211 0.000469
212 0.000486
213 0.000488
214 0.000468
215 0.000449
216 0.000415
217 0.000404
218 0.000382
219 0.000371
220 0.000378
221 0.000373
222 0.000373
223 0.000338
224 0.000326
225 0.000313
226 0.000320
227 0.000329
228 0.000326
229 0.000320
230 0.000331
231 0.000323
232 0.000336
233 0.000312
234 0.000307
235 0.000290
236 0.000247
237 0.000215
238 0.000190
239 0.000194
240 0.000198
241 0.000160
242 0.000160
243 0.000139
244 0.000103
245 0.000101
246 0.000080
247 0.000080
248 0.000076
249 0.000075
250 0.000074
251 0.000085
252 0.000078
253 0.000070
254 0.000094
255 0.000086
256 0.000091
257 0.000055
258 0.000015
259 0.000002
260 0.000000
261 0.000000
262 -0.000000
263 -0.000000
264 -0.000000
265 -0.000000
266 -0.000000
267 -0.000000
268 -0.000000
269 -0.000000
270 -0.000000
271 -0.000000
272 -0.000000
273 -0.000000
274 -0.000000
275 -0.000000
277 -0.000000
278 -0.000000
279 -0.000000
280 -0.000000
281 -0.000000
282 -0.000000
283 -0.000000
284 -0.000000
285 -0.000000
286 -0.000000
287 -0.000000
288 -0.000000
289 -0.000000
290 -0.000000
291 0.000127
*
200 1.
-8 -0.000000
-7 -0.000000
-6 -0.000000
-5 -0.000000
-4 -0.000000
-3 -0.000000
-2 -0.000000
-1 -0.000000
0 -0.000000
0 0.000286
1 -0.012093
2 -0.126316
3 -0.306113
4 -0.401181
5 -0.370497
6 -0.264146
7 -0.150289
8 -0.069368
9 -0.029294
10 -0.017693
11 -0.018204
12 -0.019578
13 -0.017909
14 -0.013794
15 -0.009292
16 -0.005851
17 -0.004043
18 -0.003493
19 -0.003517
20 -0.003525
21 -0.003286
22 -0.002804
23 -0.002306
24 -0.001928
25 -0.001696
26 -0.001692
27 -0.001774
28 -0.001837
29 -0.001850
30 -0.001791
31 -0.001663
32 -0.001581
33 -0.001515
34 -0.001515
35 -0.001566
36 -0.001624
37 -0.001658
38 -0.001643
39 -0.001558
40 -0.001423
41 -0.001225
42 -0.001005
43 -0.000737
44 -0.000511
45 -0.000349
46 -0.000257
47 -0.000218
48 -0.000196
49 -0.000183
50 -0.000138
51 -0.000082
52 0.000014
53 0.000132
54 0.000236
55 0.000320
56 0.000349
57 0.000329
58 0.000277
59 0.000221
60 0.000185
61 0.000195
62 0.000252
63 0.000333
64 0.000459
65 0.000573
66 0.000680
67 0.000740
68 0.000772
69 0.000862
70 0.000905
71 0.000977
72 0.001064
73 0.001083
74 0.001058
75 0.000985
76 0.000878
77 0.000766
78 0.000663
79 0.000545
80 0.000424
81 0.000307
82 0.000262
83 0.000310
84 0.000408
85 0.000497
86 0.000545
87 0.000585
88 0.000561
89 0.000499
90 0.000498
91 0.000490
92 0.000485
93 0.000491
94 0.000501
95 0.000525
96 0.000544
97 0.000538
98 0.000505
99 0.000437
100 0.000356
101 0.000265
102 0.000196
103 0.000128
104 0.000098
105 0.000079
106 0.000038
107 0.000008
108 -0.000029
109 -0.000075
110 -0.000141
111 -0.000150
112 -0.000152
113 -0.000136
114 -0.000139
115 -0.000144
116 -0.000147
117 -0.000156
118 -0.000193
119 -0.000283
120 -0.000377
121 -0.000474
122 -0.000555
123 -0.000582
124 -0.000603
125 -0.000610
126 -0.000591
127 -0.000598
128 -0.000599
129 -0.000570
130 -0.000552
131 -0.000551
132 -0.000528
133 -0.000520
134 -0.000467
135 -0.000387
136 -0.000291
137 -0.000161
138 -0.000033
139 0.000054
140 0.000099
141 0.000127
142 0.000144
143 0.000172
144 0.000205
145 0.000236
146 0.000244
147 0.000210
148 0.000148
149 0.000095
150 0.000065
151 0.000066
152 0.000093
153 0.000101
154 0.000129
155 0.000175
156 0.000239
157 0.000345
158 0.000466
159 0.000539
160 0.000554
161 0.000554
162 0.000520
163 0.000491
164 0.000509
165 0.000533
166 0.000544
167 0.000559
168 0.000539
169 0.000523
170 0.000523
171 0.000466
172 0.000424
173 0.000380
174 0.000339
175 0.000302
176 0.000272
177 0.000267
178 0.000288
179 0.000313
180 0.000346
181 0.000370
182 0.000391
183 0.000407
184 0.000417
185 0.000425
186 0.000436
187 0.000454
188 0.000419
189 0.000416
190 0.000384
191 0.000319
192 0.000321
193 0.000305
194 0.000281
195 0.000256
196 0.000238
197 0.000219
198 0.000203
199 0.000238
200 0.000252
201 0.000265
202 0.000264
203 0.000281
204 0.000294
205 0.000297
206 0.000328
207 0.000385
208 0.000452
209 0.000497
210 0.000560
211 0.000592
212 0.000614
213 0.000606
214 0.000574
215 0.000512
216 0.000458
217 0.000427
218 0.000383
219 0.000364
220 0.000349
221 0.000320
222 0.000297
223 0.000261
224 0.000260
225 0.000247
226 0.000240
227 0.000265
228 0.000255
229 0.000245
230 0.000256
231 0.000238
232 0.000225
233 0.000183
234 0.000153
235 0.000120
236 0.000071
237 0.000028
238 -0.000013
239 -0.000043
240 -0.000045
241 -0.000079
242 -0.000094
243 -0.000147
244 -0.000199
245 -0.000236
246 -0.000265
247 -0.000278
248 -0.000286
249 -0.000290
250 -0.000269
251 -0.000260
252 -0.000224
253 -0.000217
254 -0.000225
255 -0.000219
256 -0.000206
257 -0.000110
258 -0.000029
259 -0.000004
260 -0.000000
261 -0.000000
262 -0.000000
263 -0.000000
264 -0.000000
265 -0.000000
266 -0.000000
267 -0.000000
268 -0.000000
269 -0.000000
270 -0.000000
271 -0.000000
272 -0.000000
273 -0.000000
274 -0.000000
275 -0.000000
277 -0.000000
278 -0.000000
279 -0.000000
280 -0.000000
281 -0.000000
282 -0.000000
283 -0.000000
284 -0.000000
285 -0.000000
286 -0.000000
287 -0.000000
288 -0.000000
289 -0.000000
290 -0.000000
291 -0.000251
*
400. 1.
-8 -0.000000
-7 -0.000000
-6 -0.000000
-5 -0.000000
-4 -0.000000
-3 -0.000000
-2 -0.000000
-1 -0.000000
0 -0.000000
0 0.000324
1 -0.025130
2 -0.256612
3 -0.611857
4 -0.799599
5 -0.739656
6 -0.527656
7 -0.300587
8 -0.139032
9 -0.058072
10 -0.034425
11 -0.035352
12 -0.038469
13 -0.035618
14 -0.027805
15 -0.018917
16 -0.012148
17 -0.008516
18 -0.007318
19 -0.007231
20 -0.007158
21 -0.006719
22 -0.005876
23 -0.004868
24 -0.004029
25 -0.003587
26 -0.003486
27 -0.003584
28 -0.003694
29 -0.003718
30 -0.003614
31 -0.003416
32 -0.003231
33 -0.003160
34 -0.003196
35 -0.003338
36 -0.003470
37 -0.003603
38 -0.003615
39 -0.003510
40 -0.003266
41 -0.002901
42 -0.002466
43 -0.001985
44 -0.001536
45 -0.001243
46 -0.001035
47 -0.000944
48 -0.000905
49 -0.000838
50 -0.000709
51 -0.000523
52 -0.000308
53 -0.000056
54 0.000167
55 0.000317
56 0.000380
57 0.000331
58 0.000237
59 0.000117
60 0.000070
61 0.000111
62 0.000210
63 0.000353
64 0.000555
65 0.000762
66 0.000925
67 0.001059
68 0.001165
69 0.001243
70 0.001318
71 0.001466
72 0.001618
73 0.001700
74 0.001688
75 0.001555
76 0.001349
77 0.001131
78 0.000924
79 0.000688
80 0.000461
81 0.000257
82 0.000161
83 0.000228
84 0.000438
85 0.000647
86 0.000780
87 0.000803
88 0.000746
89 0.000639
90 0.000587
91 0.000592
92 0.000598
93 0.000621
94 0.000647
95 0.000657
96 0.000657
97 0.000652
98 0.000590
99 0.000464
100 0.000283
101 0.000106
102 -0.000043
103 -0.000155
104 -0.000213
105 -0.000260
106 -0.000330
107 -0.000407
108 -0.000509
109 -0.000610
110 -0.000678
111 -0.000718
112 -0.000709
113 -0.000679
114 -0.000634
115 -0.000634
116 -0.000654
117 -0.000713
118 -0.000825
119 -0.001008
120 -0.001229
121 -0.001409
122 -0.001553
123 -0.001611
124 -0.001628
125 -0.001603
126 -0.001582
127 -0.001593
128 -0.001591
129 -0.001590
130 -0.001585
131 -0.001574
132 -0.001545
133 -0.001491
134 -0.001386
135 -0.001206
136 -0.000978
137 -0.000714
138 -0.000460
139 -0.000275
140 -0.000157
141 -0.000076
142 -0.000015
143 0.000045
144 0.000111
145 0.000153
146 0.000142
147 0.000068
148 -0.000060
149 -0.000160
150 -0.000207
151 -0.000219
152 -0.000212
153 -0.000189
154 -0.000157
155 -0.000051
156 0.000117
157 0.000320
158 0.000544
159 0.000676
160 0.000728
161 0.000689
162 0.000615
163 0.000622
164 0.000658
165 0.000700
166 0.000742
167 0.000725
168 0.000693
169 0.000658
170 0.000594
171 0.000540
172 0.000473
173 0.000372
174 0.000274
175 0.000172
176 0.000110
177 0.000107
178 0.000150
179 0.000221
180 0.000280
181 0.000328
182 0.000342
183 0.000357
184 0.000395
185 0.000422
186 0.000451
187 0.000483
188 0.000495
189 0.000447
190 0.000379
191 0.000322
192 0.000281
193 0.000208
194 0.000133
195 0.000073
196 0.000030
197 -0.000002
198 0.000030
199 0.000071
200 0.000124
201 0.000158
202 0.000187
203 0.000187
204 0.000193
205 0.000207
206 0.000273
207 0.000353
208 0.000459
209 0.000578
210 0.000694
211 0.000753
212 0.000786
213 0.000803
214 0.000750
215 0.000680
216 0.000567
217 0.000442
218 0.000364
219 0.000317
220 0.000274
221 0.000244
222 0.000211
223 0.000145
224 0.000078
225 0.000047
226 0.000024
227 0.000044
228 0.000082
229 0.000128
230 0.000140
231 0.000123
232 0.000096
233 0.000027
234 -0.000060
235 -0.000141
236 -0.000255
237 -0.000329
238 -0.000402
239 -0.000440
240 -0.000463
241 -0.000498
242 -0.000558
243 -0.000641
244 -0.000739
245 -0.000854
246 -0.000942
247 -0.001004
248 -0.000998
249 -0.000980
250 -0.000943
251 -0.000899
252 -0.000888
253 -0.000879
254 -0.000881
255 -0.000883
256 -0.000755
257 -0.000376
258 -0.000098
259 -0.000014
260 -0.000001
261 -0.000000
262 -0.000000
263 -0.000000
264 -0.000000
265 -0.000000
266 -0.000000
267 -0.000000
268 -0.000000
269 -0.000000
270 -0.000000
271 -0.000000
272 -0.000000
273 -0.000000
274 -0.000000
275 -0.000000
277 -0.000000
278 -0.000000
279 -0.000000
280 -0.000000
281 -0.000000
282 -0.000000
283 -0.000000
284 -0.000000
285 -0.000000
286 -0.000000
287 -0.000000
288 -0.000000
289 -0.000000
290 -0.000000
291 -0.000846
*
500. 1
-8 -0.000000
-7 -0.000000
-6 -0.000000
-5 -0.000000
-4 -0.000000
-3 -0.000000
-2 -0.000000
-1 -0.000000
0 -0.000000
0 0.000333
1 -0.031813
2 -0.321165
3 -0.761605
4 -0.996295
5 -0.923660
6 -0.658950
7 -0.375440
8 -0.173525
9 -0.071958
10 -0.042050
11 -0.043243
12 -0.047485
13 -0.044349
14 -0.034852
15 -0.023850
16 -0.015307
17 -0.010647
18 -0.009047
19 -0.008872
20 -0.008845
21 -0.008340
22 -0.007321
23 -0.006069
24 -0.005027
25 -0.004463
26 -0.004330
27 -0.004425
28 -0.004557
29 -0.004577
30 -0.004442
31 -0.004198
32 -0.003972
33 -0.003878
34 -0.003960
35 -0.004142
36 -0.004358
37 -0.004553
38 -0.004593
39 -0.004451
40 -0.004156
41 -0.003712
42 -0.003181
43 -0.002601
44 -0.002066
45 -0.001678
46 -0.001424
47 -0.001269
48 -0.001187
49 -0.001113
50 -0.000959
51 -0.000720
52 -0.000457
53 -0.000123
54 0.000176
55 0.000416
56 0.000485
57 0.000428
58 0.000277
59 0.000136
60 0.000059
61 0.000069
62 0.000165
63 0.000336
64 0.000569
65 0.000827
66 0.001083
67 0.001282
68 0.001398
69 0.001495
70 0.001592
71 0.001738
72 0.001896
73 0.002000
74 0.001988
75 0.001826
76 0.001595
77 0.001363
78 0.001111
79 0.000808
80 0.000518
81 0.000261
82 0.000141
83 0.000233
84 0.000479
85 0.000774
86 0.000967
87 0.000979
88 0.000910
89 0.000811
90 0.000725
91 0.000718
92 0.000719
93 0.000737
94 0.000766
95 0.000775
96 0.000768
97 0.000722
98 0.000649
99 0.000509
100 0.000298
101 0.000075
102 -0.000124
103 -0.000268
104 -0.000364
105 -0.000392
106 -0.000442
107 -0.000562
108 -0.000682
109 -0.000814
110 -0.000916
111 -0.000953
112 -0.000953
113 -0.000931
114 -0.000890
115 -0.000873
116 -0.000901
117 -0.000960
118 -0.001105
119 -0.001319
120 -0.001577
121 -0.001836
122 -0.001997
123 -0.002081
124 -0.002094
125 -0.002065
126 -0.002046
127 -0.002028
128 -0.002026
129 -0.002021
130 -0.002005
131 -0.001972
132 -0.001953
133 -0.001906
134 -0.001792
135 -0.001575
136 -0.001268
137 -0.000923
138 -0.000607
139 -0.000392
140 -0.000272
141 -0.000191
142 -0.000112
143 -0.000014
144 0.000088
145 0.000135
146 0.000122
147 0.000020
148 -0.000139
149 -0.000259
150 -0.000327
151 -0.000344
152 -0.000316
153 -0.000286
154 -0.000249
155 -0.000148
156 0.000052
157 0.000301
158 0.000574
159 0.000772
160 0.000849
161 0.000826
162 0.000786
163 0.000773
164 0.000792
165 0.000835
166 0.000864
167 0.000866
168 0.000826
169 0.000753
170 0.000682
171 0.000605
172 0.000527
173 0.000424
174 0.000274
175 0.000167
176 0.000102
177 0.000085
178 0.000129
179 0.000193
180 0.000284
181 0.000347
182 0.000376
183 0.000398
184 0.000418
185 0.000477
186 0.000501
187 0.000520
188 0.000521
189 0.000470
190 0.000418
191 0.000358
192 0.000275
193 0.000187
194 0.000080
195 0.000018
196 -0.000041
197 -0.000058
198 -0.000033
199 0.000010
200 0.000079
201 0.000126
202 0.000153
203 0.000178
204 0.000201
205 0.000237
206 0.000325
207 0.000441
208 0.000581
209 0.000698
210 0.000805
211 0.000886
212 0.000941
213 0.000954
214 0.000882
215 0.000767
216 0.000616
217 0.000446
218 0.000346
219 0.000287
220 0.000268
221 0.000240
222 0.000207
223 0.000132
224 0.000047
225 -0.000019
226 -0.000031
227 -0.000006
228 0.000036
229 0.000070
230 0.000080
231 0.000083
232 0.000049
233 -0.000033
234 -0.000131
235 -0.000244
236 -0.000365
237 -0.000477
238 -0.000576
239 -0.000655
240 -0.000682
241 -0.000731
242 -0.000797
243 -0.000899
244 -0.001014
245 -0.001142
246 -0.001233
247 -0.001315
248 -0.001331
249 -0.001323
250 -0.001265
251 -0.001239
252 -0.001193
253 -0.001160
254 -0.001151
255 -0.001131
256 -0.000990
257 -0.000504
258 -0.000131
259 -0.000019
260 -0.000001
261 -0.000000
262 -0.000000
263 -0.000000
264 -0.000000
265 -0.000000
266 -0.000000
267 -0.000000
268 -0.000000
269 -0.000000
270 -0.000000
271 -0.000000
272 -0.000000
273 -0.000000
274 -0.000000
275 -0.000000
277 -0.000000
278 -0.000000
279 -0.000000
280 -0.000000
281 -0.000000
282 -0.000000
283 -0.000000
284 -0.000000
285 -0.000000
286 -0.000000
287 -0.000000
288 -0.000000
289 -0.000000
290 -0.000000
291 -0.001137
*
1000 0.7
-8 -0.000000
-7 -0.000000
-6 -0.000000
-5 -0.000000
-4 -0.000000
-3 -0.000000
-2 -0.000000
-1 -0.000000
0 -0.000000
0 0.000199
1 -0.060741
2 -0.574282
3 -1.063396
4 -1.214983
5 -1.275399
6 -1.322591
7 -1.057818
8 -0.612104
9 -0.170475
10 -0.027214
11 -0.059714
12 -0.101185
13 -0.102415
14 -0.078365
15 -0.049937
16 -0.029446
17 -0.019549
18 -0.017476
19 -0.018148
20 -0.018519
21 -0.017876
22 -0.016138
23 -0.013529
24 -0.010968
25 -0.009416
26 -0.008961
27 -0.009002
28 -0.009088
29 -0.009098
30 -0.008758
31 -0.008093
32 -0.007434
33 -0.007193
34 -0.007377
35 -0.007730
36 -0.008176
37 -0.008608
38 -0.008823
39 -0.008734
40 -0.008312
41 -0.007615
42 -0.006712
43 -0.005634
44 -0.004664
45 -0.003944
46 -0.003555
47 -0.003352
48 -0.003282
49 -0.003189
50 -0.002936
51 -0.002486
52 -0.001854
53 -0.001156
54 -0.000490
55 0.000044
56 0.000334
57 0.000368
58 0.000197
59 -0.000026
60 -0.000195
61 -0.000162
62 0.000085
63 0.000495
64 0.001008
65 0.001534
66 0.001988
67 0.002314
68 0.002506
69 0.002602
70 0.002749
71 0.002975
72 0.003248
73 0.003444
74 0.003404
75 0.003100
76 0.002600
77 0.002039
78 0.001474
79 0.000925
80 0.000346
81 -0.000129
82 -0.000353
83 -0.000188
84 0.000307
85 0.000937
86 0.001414
87 0.001580
88 0.001469
89 0.001274
90 0.001087
91 0.001055
92 0.001108
93 0.001152
94 0.001170
95 0.001163
96 0.001151
97 0.001091
98 0.000919
99 0.000603
100 0.000158
101 -0.000337
102 -0.000815
103 -0.001183
104 -0.001415
105 -0.001520
106 -0.001608
107 -0.001756
108 -0.001963
109 -0.002202
110 -0.002417
111 -0.002527
112 -0.002541
113 -0.002482
114 -0.002359
115 -0.002272
116 -0.002269
117 -0.002381
118 -0.002645
119 -0.003059
120 -0.003579
121 -0.004126
122 -0.004564
123 -0.004793
124 -0.004838
125 -0.004790
126 -0.004713
127 -0.004674
128 -0.004682
129 -0.004701
130 -0.004711
131 -0.004685
132 -0.004615
133 -0.004489
134 -0.004234
135 -0.003819
136 -0.003237
137 -0.002548
138 -0.001877
139 -0.001350
140 -0.001019
141 -0.000829
142 -0.000699
143 -0.000543
144 -0.000358
145 -0.000227
146 -0.000242
147 -0.000446
148 -0.000763
149 -0.001059
150 -0.001235
151 -0.001294
152 -0.001222
153 -0.001120
154 -0.001026
155 -0.000839
156 -0.000486
157 -0.000006
158 0.000517
159 0.000953
160 0.001171
161 0.001149
162 0.001027
163 0.000975
164 0.001002
165 0.001109
166 0.001212
167 0.001233
168 0.001146
169 0.000998
170 0.000833
171 0.000670
172 0.000499
173 0.000271
174 0.000015
175 -0.000204
176 -0.000355
177 -0.000404
178 -0.000321
179 -0.000159
180 -0.000006
181 0.000110
182 0.000187
183 0.000223
184 0.000286
185 0.000375
186 0.000430
187 0.000460
188 0.000446
189 0.000396
190 0.000274
191 0.000139
192 -0.000007
193 -0.000199
194 -0.000382
195 -0.000546
196 -0.000644
197 -0.000696
198 -0.000658
199 -0.000560
200 -0.000421
201 -0.000273
202 -0.000182
203 -0.000141
204 -0.000138
205 -0.000098
206 0.000027
207 0.000235
208 0.000511
209 0.000798
210 0.001048
211 0.001243
212 0.001359
213 0.001362
214 0.001267
215 0.001044
216 0.000737
217 0.000425
218 0.000166
219 0.000008
220 -0.000061
221 -0.000100
222 -0.000191
223 -0.000330
224 -0.000480
225 -0.000608
226 -0.000636
227 -0.000597
228 -0.000493
229 -0.000442
230 -0.000387
231 -0.000407
232 -0.000512
233 -0.000679
234 -0.000887
235 -0.001139
236 -0.001376
237 -0.001571
238 -0.001742
239 -0.001863
240 -0.001951
241 -0.002064
242 -0.002215
243 -0.002407
244 -0.002649
245 -0.002904
246 -0.003101
247 -0.003247
248 -0.003278
249 -0.003244
250 -0.003143
251 -0.003046
252 -0.002970
253 -0.002913
254 -0.002875
255 -0.002859
256 -0.002499
257 -0.001265
258 -0.000329
259 -0.000047
260 -0.000002
261 -0.000000
262 -0.000000
263 -0.000000
264 -0.000000
265 -0.000000
266 -0.000000
267 -0.000000
268 -0.000000
269 -0.000000
270 -0.000000
271 -0.000000
272 -0.000000
273 -0.000000
274 -0.000000
275 -0.000000
277 -0.000000
278 -0.000000
279 -0.000000
280 -0.000000
281 -0.000000
282 -0.000000
283 -0.000000
284 -0.000000
285 -0.000000
286 -0.000000
287 -0.000000
288 -0.000000
289 -0.000000
290 -0.000000
291 -0.002850
*
2000. 0.35
-8 -0.000000
-7 -0.000000
-6 -0.000000
-5 -0.000000
-4 -0.000000
-3 -0.000000
-2 -0.000000
-1 -0.000000
0 -0.000000
0 -0.000001
1 -0.105986
2 -0.728702
3 -1.111345
4 -1.226675
5 -1.253807
6 -1.249748
7 -1.241832
8 -1.237550
9 -1.238032
10 -1.261344
11 -1.302974
12 -1.008741
13 -0.596828
14 -0.076752
15 -0.037678
16 -0.351427
17 -0.416797
18 -0.353013
19 -0.137466
20 0.111685
21 0.185231
22 0.182150
23 0.134962
24 0.040773
25 -0.016075
26 -0.032909
27 -0.026055
28 -0.014019
29 -0.006557
30 -0.005461
31 -0.008556
32 -0.012712
33 -0.015592
34 -0.016474
35 -0.015777
36 -0.014452
37 -0.013365
38 -0.012887
39 -0.013080
40 -0.013424
41 -0.013289
42 -0.012434
43 -0.010933
44 -0.009149
45 -0.007453
46 -0.006133
47 -0.005192
48 -0.004636
49 -0.004288
50 -0.004102
51 -0.004046
52 -0.003987
53 -0.003758
54 -0.003296
55 -0.002561
56 -0.001781
57 -0.001166
58 -0.000756
59 -0.000571
60 -0.000530
61 -0.000513
62 -0.000388
63 -0.000115
64 0.000469
65 0.001369
66 0.002475
67 0.003668
68 0.004768
69 0.005673
70 0.006416
71 0.006963
72 0.007292
73 0.007329
74 0.007028
75 0.006476
76 0.005880
77 0.005295
78 0.004546
79 0.003384
80 0.001872
81 0.000316
82 -0.000822
83 -0.001317
84 -0.001157
85 -0.000706
86 -0.000314
87 -0.000046
88 0.000268
89 0.000837
90 0.001566
91 0.002120
92 0.002230
93 0.001911
94 0.001477
95 0.001284
96 0.001455
97 0.001834
98 0.002037
99 0.001814
100 0.001180
101 0.000318
102 -0.000499
103 -0.001238
104 -0.001899
105 -0.002571
106 -0.003242
107 -0.003871
108 -0.004442
109 -0.004833
110 -0.005033
111 -0.005173
112 -0.005341
113 -0.005514
114 -0.005688
115 -0.005801
116 -0.005792
117 -0.005761
118 -0.005824
119 -0.006103
120 -0.006604
121 -0.007300
122 -0.008052
123 -0.008667
124 -0.009178
125 -0.009598
126 -0.009869
127 -0.010027
128 -0.009997
129 -0.009810
130 -0.009561
131 -0.009366
132 -0.009272
133 -0.009223
134 -0.009032
135 -0.008556
136 -0.007770
137 -0.006728
138 -0.005648
139 -0.004647
140 -0.003720
141 -0.002810
142 -0.001965
143 -0.001188
144 -0.000640
145 -0.000485
146 -0.000663
147 -0.001053
148 -0.001430
149 -0.001616
150 -0.001681
151 -0.001757
152 -0.001990
153 -0.002388
154 -0.002653
155 -0.002543
156 -0.001977
157 -0.001074
158 -0.000170
159 0.000512
160 0.000909
161 0.001184
162 0.001501
163 0.001912
164 0.002297
165 0.002420
166 0.002209
167 0.001846
168 0.001550
169 0.001448
170 0.001526
171 0.001559
172 0.001351
173 0.000833
174 0.000184
175 -0.000378
176 -0.000744
177 -0.000887
178 -0.000879
179 -0.000859
180 -0.000845
181 -0.000760
182 -0.000587
183 -0.000293
184 0.000044
185 0.000326
186 0.000444
187 0.000437
188 0.000356
189 0.000227
190 0.000111
191 0.000003
192 -0.000163
193 -0.000438
194 -0.000786
195 -0.001158
196 -0.001496
197 -0.001711
198 -0.001787
199 -0.001733
200 -0.001639
201 -0.001489
202 -0.001315
203 -0.001131
204 -0.000893
205 -0.000623
206 -0.000326
207 -0.000028
208 0.000287
209 0.000622
210 0.000976
211 0.001382
212 0.001778
213 0.002095
214 0.002226
215 0.002117
216 0.001768
217 0.001279
218 0.000774
219 0.000313
220 -0.000091
221 -0.000468
222 -0.000878
223 -0.001251
224 -0.001468
225 -0.001547
226 -0.001511
227 -0.001489
228 -0.001531
229 -0.001631
230 -0.001717
231 -0.001709
232 -0.001681
233 -0.001644
234 -0.001735
235 -0.002031
236 -0.002450
237 -0.002932
238 -0.003375
239 -0.003759
240 -0.004098
241 -0.004422
242 -0.004743
243 -0.005050
244 -0.005384
245 -0.005713
246 -0.006057
247 -0.006380
248 -0.006637
249 -0.006838
250 -0.006963
251 -0.006929
252 -0.006820
253 -0.006597
254 -0.006377
255 -0.006155
256 -0.005283
257 -0.002665
258 -0.000693
259 -0.000099
260 -0.000004
261 -0.000000
262 -0.000000
263 -0.000000
264 -0.000000
265 -0.000000
266 -0.000000
267 -0.000000
268 -0.000000
269 -0.000000
270 -0.000000
271 -0.000000
272 -0.000000
273 -0.000000
274 -0.000000
275 -0.000000
277 -0.000000
278 -0.000000
279 -0.000000
280 -0.000000
281 -0.000000
282 -0.000000
283 -0.000000
284 -0.000000
285 -0.000000
286 -0.000000
287 -0.000000
288 -0.000000
289 -0.000000
290 -0.000000
291 -0.006002
*
3000 0.22
-8.0 0.0
-7.0 0.0
-6.0 0.0
-5.0 0.0
-4.0 0.0
-3.0 0.0
-2.0 0.0
-1.0 0.0
0.0 0.0
0.0 -0.059796
1.0 -129.965868
2.0 -778.095930
3.0 -1132.349919
4.0 -1240.823378
5.0 -1266.077815
6.0 -1265.177611
7.0 -1258.344868
8.0 -1250.472293
9.0 -1243.959120
10.0 -1239.763576
11.0 -1238.416838
12.0 -1245.835241
13.0 -1288.331440
14.0 -1243.677878
15.1 -835.136536
16.1 -407.949610
17.1 40.366559
18.1 -236.993308
19.1 -494.189522
20.1 -493.749406
21.1 -366.810393
22.1 -84.199588
23.1 158.688960
24.1 184.191281
25.1 182.672007
26.1 124.426127
27.1 21.592035
28.1 -32.116763
29.1 -43.116557
30.1 -31.787004
31.1 -18.141070
32.1 -11.231331
33.1 -11.840135
34.1 -16.522344
35.1 -21.410560
36.1 -24.189359
37.1 -24.569127
38.1 -23.122682
39.1 -20.976653
40.1 -18.982484
41.1 -17.600214
42.1 -16.744017
43.1 -15.890236
44.2 -14.763762
45.2 -13.351732
46.2 -11.614266
47.2 -9.885864
48.2 -8.416454
49.2 -7.215124
50.2 -6.225116
51.2 -5.436367
52.2 -4.791749
53.2 -4.295430
54.2 -3.962176
55.2 -3.813295
56.2 -3.704948
57.2 -3.507596
58.2 -3.121976
59.2 -2.526750
60.2 -1.864985
61.2 -1.250393
62.2 -0.662990
63.2 -0.088057
64.2 0.539970
65.2 1.287265
66.2 2.143853
67.2 3.112077
68.2 4.241914
69.2 5.654407
70.2 7.190402
71.2 8.651324
72.2 9.746548
73.3 10.327818
74.3 10.307846
75.3 9.845455
76.3 9.132161
77.3 8.204099
78.3 7.076352
79.3 5.806772
80.3 4.477520
81.3 3.171861
82.3 2.001333
83.3 1.043571
84.3 0.321745
85.3 -0.176896
86.3 -0.408135
87.3 -0.358661
88.3 -0.174796
89.3 0.073771
90.3 0.427357
91.3 0.939967
92.3 1.646897
93.3 2.346848
94.3 2.759211
95.3 2.731301
96.3 2.359202
97.3 1.905036
98.3 1.619699
99.3 1.515760
100.3 1.396105
101.3 1.046874
102.4 0.379643
103.4 -0.502246
104.4 -1.474797
105.4 -2.405515
106.4 -3.257166
107.4 -4.159455
108.4 -5.128171
109.4 -6.042216
110.4 -6.754998
111.4 -7.182200
112.4 -7.398705
113.4 -7.477652
114.4 -7.551614
115.4 -7.736637
116.4 -8.007666
117.4 -8.359092
118.4 -8.795088
119.4 -9.270043
120.4 -9.786356
121.4 -10.292155
122.4 -10.817711
123.4 -11.407990
124.4 -12.002940
125.4 -12.609821
126.4 -13.210036
127.4 -13.698642
128.4 -14.074401
129.4 -14.288465
130.4 -14.304686
131.5 -14.142437
132.5 -13.808181
133.5 -13.371436
134.5 -12.833164
135.5 -12.213046
136.5 -11.453575
137.5 -10.548686
138.5 -9.513919
139.5 -8.373285
140.5 -7.231658
141.5 -6.099036
142.5 -4.987518
143.5 -3.866449
144.5 -2.818272
145.5 -2.045027
146.5 -1.646573
147.5 -1.661676
148.5 -1.976967
149.5 -2.390264
150.5 -2.719356
151.5 -2.892972
152.5 -2.966786
153.5 -2.982237
154.5 -3.006383
155.5 -2.954840
156.5 -2.737267
157.5 -2.275244
158.5 -1.565044
159.5 -0.708178
160.6 0.102557
161.6 0.751343
162.6 1.219609
163.6 1.587041
164.6 1.981708
165.6 2.421508
166.6 2.829582
167.6 2.984162
168.6 2.806730
169.6 2.387825
170.6 1.911502
171.6 1.568080
172.6 1.342931
173.6 1.162143
174.6 0.883707
175.6 0.414501
176.6 -0.149636
177.6 -0.654256
178.6 -0.979060
179.6 -1.087188
180.6 -1.022246
181.6 -0.950289
182.6 -0.873381
183.6 -0.763961
184.6 -0.571942
185.6 -0.276133
186.6 0.054915
187.6 0.345480
188.6 0.465741
189.7 0.397249
190.7 0.210944
191.7 -0.071167
192.7 -0.369050
193.7 -0.661870
194.7 -0.970662
195.7 -1.281486
196.7 -1.601044
197.7 -1.905418
198.7 -2.149106
199.7 -2.272544
200.7 -2.304907
201.7 -2.261863
202.7 -2.179041
203.7 -2.052906
204.7 -1.845425
205.7 -1.527138
206.7 -1.108687
207.7 -0.575179
208.7 -0.020798
209.7 0.524392
210.7 1.000616
211.7 1.405042
212.7 1.749398
213.7 2.010907
214.7 2.207638
215.7 2.263860
216.7 2.141635
217.7 1.892693
218.8 1.575411
219.8 1.128953
220.8 0.594481
221.8 0.015347
222.8 -0.578636
223.8 -1.174168
224.8 -1.674215
225.8 -2.046806
226.8 -2.245876
227.8 -2.288946
228.8 -2.244892
229.8 -2.175421
230.8 -2.186300
231.8 -2.333513
232.8 -2.588641
233.8 -2.850770
234.8 -3.060751
235.8 -3.242364
236.8 -3.461445
237.8 -3.790608
238.8 -4.235034
239.8 -4.758477
240.8 -5.267070
241.8 -5.801879
242.8 -6.350161
243.8 -6.914565
244.8 -7.471797
245.8 -8.026649
246.8 -8.458749
247.9 -8.775672
248.9 -9.029562
249.9 -9.222432
250.9 -9.410401
251.9 -9.576383
252.9 -9.685071
253.9 -9.745980
254.9 -9.685701
255.9 -9.482964
256.9 -8.159171
257.9 -4.109035
258.9 -1.068797
259.9 -0.152430
260.9 -0.006006
261.9 -0.000000
262.9 -0.000000
263.9 -0.000000
264.9 -0.000000
265.9 -0.000000
266.9 -0.000000
267.9 -0.000000
268.9 -0.000000
269.9 -0.000000
270.9 -0.000000
271.9 -0.000000
272.9 -0.000000
273.9 -0.000000
274.9 -0.000000
275.9 -0.000000
277.0 -0.000000
278.0 -0.000000
279.0 -0.000000
280.0 -0.000000
281.0 -0.000000
282.0 -0.000000
283.0 -0.000000
284.0 -0.000000
285.0 -0.000000
286.0 -0.000000
287.0 -0.000000
288.0 -0.000000
289.0 -0.000000
290.0 -0.000000
291.0 -9.252392
*
4000. 0.16
-8.0 0.0
-7.0 0.0
-6.0 0.0
-5.0 0.0
-4.0 0.0
-3.0 0.0
-2.0 0.0
-1.0 0.0
0.0 0.0
0.0 -0.232331
1.0 -151.594607
2.0 -811.605002
3.0 -1144.067996
4.0 -1244.750430
5.0 -1267.687790
6.0 -1268.029510
7.0 -1264.533942
8.0 -1260.202401
9.0 -1254.866652
10.0 -1248.928462
11.0 -1243.873611
12.0 -1240.414795
13.0 -1239.413529
14.0 -1247.139164
15.1 -1291.944898
16.1 -1242.367235
17.1 -829.127173
18.1 -401.931877
19.1 28.657584
20.1 -259.659843
21.1 -492.649262
22.1 -484.402471
23.1 -349.456867
24.1 -72.459905
25.1 157.195747
26.1 183.994412
27.1 176.924265
28.1 102.480889
29.1 5.466604
30.1 -42.509274
31.1 -50.256446
32.1 -38.416518
33.1 -25.380938
34.1 -19.254063
35.1 -20.235069
36.1 -24.891012
37.1 -29.376316
38.1 -31.444183
39.1 -30.969423
40.1 -28.563548
41.1 -25.358231
42.1 -22.301931
43.1 -20.007266
44.2 -18.571035
45.2 -17.549331
46.2 -16.464201
47.2 -15.099000
48.2 -13.398951
49.2 -11.577686
50.2 -9.882139
51.2 -8.365746
52.2 -6.979284
53.2 -5.747041
54.2 -4.802683
55.2 -4.291273
56.2 -4.208111
57.2 -4.407285
58.2 -4.582959
59.2 -4.450452
60.2 -3.873343
61.2 -2.988697
62.2 -1.877319
63.2 -0.745284
64.2 0.401644
65.2 1.489066
66.2 2.502011
67.2 3.421531
68.2 4.334394
69.2 5.509214
70.2 7.021104
71.2 8.730915
72.2 10.425560
73.3 11.736946
74.3 12.318455
75.3 12.298023
76.3 11.795491
77.3 10.937130
78.3 9.689053
79.3 8.092366
80.3 6.365622
81.3 4.831601
82.3 3.789141
83.3 3.126790
84.3 2.563855
85.3 1.877179
86.3 1.018859
87.3 0.233046
88.3 -0.158308
89.3 -0.127812
90.3 0.167586
91.3 0.516578
92.3 0.862019
93.3 1.347105
94.3 2.111772
95.3 2.897495
96.3 3.323223
97.3 3.171666
98.3 2.500995
99.3 1.661199
100.3 0.966334
101.3 0.482931
102.4 0.171660
103.4 -0.286092
104.4 -1.046445
105.4 -2.048218
106.4 -3.138520
107.4 -4.279562
108.4 -5.393680
109.4 -6.493299
110.4 -7.524643
111.4 -8.362203
112.4 -8.942911
113.4 -9.298474
114.4 -9.444174
115.4 -9.533941
116.4 -9.734881
117.4 -10.106036
118.4 -10.768325
119.4 -11.641750
120.4 -12.559814
121.4 -13.379095
122.4 -13.977296
123.4 -14.410998
124.4 -14.838397
125.4 -15.330840
126.4 -15.959246
127.4 -16.588996
128.4 -17.143414
129.4 -17.587643
130.4 -17.921472
131.5 -18.125424
132.5 -18.093161
133.5 -17.747497
134.5 -17.036823
135.5 -16.035047
136.5 -14.876779
137.5 -13.712362
138.5 -12.605430
139.5 -11.519087
140.5 -10.436270
141.5 -9.283454
142.5 -7.979177
143.5 -6.642799
144.5 -5.412203
145.5 -4.407806
146.5 -3.697490
147.5 -3.289203
148.5 -3.116614
149.5 -3.190793
150.5 -3.415969
151.5 -3.721182
152.5 -4.036340
153.5 -4.167715
154.5 -4.052890
155.5 -3.670611
156.5 -3.088195
157.5 -2.514564
158.5 -2.028641
159.5 -1.585582
160.6 -1.055565
161.6 -0.368118
162.6 0.412252
163.6 1.162300
164.6 1.748149
165.6 2.177777
166.6 2.496605
167.6 2.806657
168.6 3.065219
169.6 3.137520
170.6 2.893836
171.6 2.313098
172.6 1.625626
173.6 1.010180
174.6 0.582904
175.6 0.342531
176.6 0.150420
177.6 -0.131176
178.6 -0.519836
179.6 -0.914089
180.6 -1.162684
181.6 -1.224155
182.6 -1.161822
183.6 -1.004253
184.6 -0.861913
185.6 -0.701159
186.6 -0.493964
187.6 -0.239178
188.6 0.032313
189.7 0.184399
190.7 0.178095
191.7 -0.029819
192.7 -0.396336
193.7 -0.859949
194.7 -1.299121
195.7 -1.685974
196.7 -2.001721
197.7 -2.247806
198.7 -2.439898
199.7 -2.609004
200.7 -2.715112
201.7 -2.796139
202.7 -2.803154
203.7 -2.737017
204.7 -2.588575
205.7 -2.331908
206.7 -1.924803
207.7 -1.368262
208.7 -0.677824
209.7 0.019884
210.7 0.720732
211.7 1.314136
212.7 1.752514
213.7 2.035065
214.7 2.157411
215.7 2.123893
216.7 1.989312
217.7 1.840308
218.8 1.649047
219.8 1.435938
220.8 1.071827
221.8 0.500945
222.8 -0.180159
223.8 -0.900980
224.8 -1.559097
225.8 -2.099495
226.8 -2.494581
227.8 -2.765907
228.8 -2.899992
229.8 -2.926363
230.8 -2.910612
231.8 -2.933653
232.8 -3.104164
233.8 -3.448008
234.8 -3.901978
235.8 -4.362649
236.8 -4.736551
237.8 -5.042218
238.8 -5.352354
239.8 -5.733520
240.8 -6.259886
241.8 -6.891569
242.8 -7.622082
243.8 -8.370767
244.8 -9.072514
245.8 -9.771501
246.8 -10.375277
247.9 -10.881343
248.9 -11.278404
249.9 -11.547159
250.9 -11.749909
251.9 -11.906942
252.9 -12.051449
253.9 -12.190259
254.9 -12.290749
255.9 -12.283291
256.9 -10.757556
257.9 -5.456295
258.9 -1.420299
259.9 -0.202560
260.9 -0.007982
261.9 -0.000000
262.9 -0.000000
263.9 -0.000000
264.9 -0.000000
265.9 -0.000000
266.9 -0.000000
267.9 -0.000000
268.9 -0.000000
269.9 -0.000000
270.9 -0.000000
271.9 -0.000000
272.9 -0.000000
273.9 -0.000000
274.9 -0.000000
275.9 -0.000000
277.0 -0.000000
278.0 -0.000000
279.0 -0.000000
280.0 -0.000000
281.0 -0.000000
282.0 -0.000000
283.0 -0.000000
284.0 -0.000000
285.0 -0.000000
286.0 -0.000000
287.0 -0.000000
288.0 -0.000000
289.0 -0.000000
290.0 -0.000000
291.0 -12.295282
*
5000. 0.13
-8.0 0.0
-7.0 0.0
-6.0 0.0
-5.0 0.0
-4.0 0.0
-3.0 0.0
-2.0 0.0
-1.0 0.0
0.0 0.0
0.0 -0.361124
1.0 -169.999272
2.0 -829.766236
3.0 -1150.233940
4.0 -1246.494840
5.0 -1267.993443
6.0 -1268.378085
7.0 -1265.729400
8.0 -1263.215260
9.0 -1260.689393
10.0 -1257.357396
11.0 -1252.678368
12.0 -1247.548991
13.0 -1243.238083
14.0 -1240.886685
15.1 -1240.341589
16.1 -1258.555652
17.1 -1311.505144
18.1 -1122.258300
19.1 -699.689450
20.1 -220.550146
21.1 -8.937798
22.1 -366.832889
23.1 -479.711378
24.1 -429.119142
25.1 -243.147994
26.1 25.777374
27.1 177.378391
28.1 180.017203
29.1 144.185302
30.1 42.813198
31.1 -28.435938
32.1 -56.205597
33.1 -53.238165
34.1 -40.207231
35.1 -30.083503
36.1 -27.160258
37.1 -29.613783
38.1 -33.719965
39.1 -36.352932
40.1 -36.402933
41.1 -34.080019
42.1 -30.294994
43.1 -26.295884
44.2 -23.049474
45.2 -20.994209
46.2 -19.752934
47.2 -18.777420
48.2 -17.663471
49.2 -16.112594
50.2 -14.081297
51.2 -11.918312
52.2 -9.875759
53.2 -8.081557
54.2 -6.512023
55.2 -5.417727
56.2 -4.921181
57.2 -4.937447
58.2 -5.205379
59.2 -5.425259
60.2 -5.324144
61.2 -4.693413
62.2 -3.562379
63.2 -2.085428
64.2 -0.422394
65.2 1.202698
66.2 2.649082
67.2 3.837152
68.2 4.866705
69.2 5.947156
70.2 7.287320
71.2 8.918136
72.2 10.633438
73.3 12.158248
74.3 13.217931
75.3 13.670704
76.3 13.601088
77.3 13.022011
78.3 11.878625
79.3 10.284554
80.3 8.361341
81.3 6.547069
82.3 5.227713
83.3 4.510123
84.3 4.156356
85.3 3.737371
86.3 2.942876
87.3 1.904822
88.3 0.901870
89.3 0.263720
90.3 0.145950
91.3 0.383334
92.3 0.722264
93.3 1.031364
94.3 1.457790
95.3 2.128029
96.3 2.939255
97.3 3.491633
98.3 3.441949
99.3 2.704578
100.3 1.541894
101.3 0.424195
102.4 -0.376142
103.4 -0.858871
104.4 -1.298475
105.4 -1.965924
106.4 -2.958837
107.4 -4.241409
108.4 -5.608499
109.4 -6.865811
110.4 -7.986933
111.4 -8.962459
112.4 -9.814675
113.4 -10.509536
114.4 -10.987686
115.4 -11.332515
116.4 -11.581274
117.4 -11.928011
118.4 -12.563934
119.4 -13.558696
120.4 -14.726626
121.4 -15.835634
122.4 -16.754644
123.4 -17.384022
124.4 -17.796965
125.4 -18.187264
126.4 -18.646613
127.4 -19.200317
128.4 -19.792112
129.4 -20.368214
130.4 -20.888960
131.5 -21.293822
132.5 -21.515764
133.5 -21.446447
134.5 -20.909785
135.5 -19.873206
136.5 -18.473210
137.5 -16.935804
138.5 -15.494879
139.5 -14.258848
140.5 -13.138423
141.5 -11.974434
142.5 -10.694364
143.5 -9.298507
144.5 -7.896419
145.5 -6.733759
146.5 -5.876203
147.5 -5.291095
148.5 -4.901058
149.5 -4.575545
150.5 -4.387758
151.5 -4.434149
152.5 -4.682388
153.5 -4.995986
154.5 -5.083094
155.5 -4.737853
156.5 -3.995386
157.5 -3.075986
158.5 -2.290281
159.5 -1.792140
160.6 -1.515588
161.6 -1.157602
162.6 -0.554443
163.6 0.300536
164.6 1.227552
165.6 1.946570
166.6 2.418578
167.6 2.663511
168.6 2.847009
169.6 3.076492
170.6 3.202466
171.6 3.027143
172.6 2.443213
173.6 1.608183
174.6 0.749307
175.6 0.145375
176.6 -0.112096
177.6 -0.179050
178.6 -0.257915
179.6 -0.481222
180.6 -0.805066
181.6 -1.100222
182.6 -1.232834
183.6 -1.166221
184.6 -1.017384
185.6 -0.847429
186.6 -0.708044
187.6 -0.606327
188.6 -0.464702
189.7 -0.341698
190.7 -0.237703
191.7 -0.249060
192.7 -0.468382
193.7 -0.879277
194.7 -1.417147
195.7 -1.944797
196.7 -2.346844
197.7 -2.615945
198.7 -2.755687
199.7 -2.846161
200.7 -2.958617
201.7 -3.073763
202.7 -3.174221
203.7 -3.237242
204.7 -3.163824
205.7 -2.920861
206.7 -2.521217
207.7 -1.971907
208.7 -1.297331
209.7 -0.539977
210.7 0.239818
211.7 1.003329
212.7 1.622299
213.7 2.038622
214.7 2.225472
215.7 2.130412
216.7 1.906230
217.7 1.675847
218.8 1.499214
219.8 1.374312
220.8 1.156267
221.8 0.742098
222.8 0.131054
223.8 -0.609859
224.8 -1.356859
225.8 -1.985086
226.8 -2.479486
227.8 -2.894804
228.8 -3.214907
229.8 -3.437110
230.8 -3.584745
231.8 -3.673843
232.8 -3.795008
233.8 -4.043259
234.8 -4.463399
235.8 -5.063577
236.8 -5.662973
237.8 -6.233941
238.8 -6.641037
239.8 -6.961912
240.8 -7.357272
241.8 -7.913987
242.8 -8.624983
243.8 -9.459385
244.8 -10.367916
245.8 -11.259941
246.8 -12.059170
247.9 -12.726237
248.9 -13.261394
249.9 -13.650532
250.9 -13.904170
251.9 -14.082477
252.9 -14.215914
253.9 -14.343943
254.9 -14.476098
255.9 -14.573358
256.9 -12.858122
257.9 -6.539613
258.9 -1.702774
259.9 -0.242846
260.9 -0.009569
261.9 -0.000000
262.9 -0.000000
263.9 -0.000000
264.9 -0.000000
265.9 -0.000000
266.9 -0.000000
267.9 -0.000000
268.9 -0.000000
269.9 -0.000000
270.9 -0.000000
271.9 -0.000000
272.9 -0.000000
273.9 -0.000000
274.9 -0.000000
275.9 -0.000000
277.0 -0.000000
278.0 -0.000000
279.0 -0.000000
280.0 -0.000000
281.0 -0.000000
282.0 -0.000000
283.0 -0.000000
284.0 -0.000000
285.0 -0.000000
286.0 -0.000000
287.0 -0.000000
288.0 -0.000000
289.0 -0.000000
290.0 -0.000000
291.0 -14.740621
*
6000. 0.11
-8.0 0.0
-7.0 0.0
-6.0 0.0
-5.0 0.0
-4.0 0.0
-3.0 0.0
-2.0 0.0
-1.0 0.0
0.0 0.0
0.0 -0.489523
1.0 -182.680525
2.0 -840.487946
3.0 -1153.875484
4.0 -1247.449247
5.0 -1268.081988
6.0 -1268.403212
7.0 -1265.925225
8.0 -1263.878570
9.0 -1262.402742
10.0 -1260.946220
11.0 -1258.695001
12.0 -1254.981233
13.0 -1250.154203
14.0 -1245.651580
15.1 -1242.158150
16.1 -1241.266833
17.1 -1247.352168
18.1 -1289.606604
19.1 -1256.859343
20.1 -858.902978
21.1 -437.085224
22.1 3.770839
23.1 -210.904510
24.1 -432.277095
25.1 -432.297408
26.1 -312.125393
27.1 -75.697253
28.1 128.327589
29.1 176.940257
30.1 149.839571
31.1 62.579231
32.1 -17.635987
33.1 -57.014680
34.1 -62.243594
35.1 -51.744380
36.1 -40.387475
37.1 -34.871024
38.1 -35.074342
39.1 -37.932815
40.1 -40.163995
41.1 -40.061748
42.1 -37.623936
43.1 -33.579755
44.2 -29.207898
45.2 -25.592870
46.2 -23.128499
47.2 -21.664356
48.2 -20.685108
49.2 -19.528957
50.2 -17.914642
51.2 -15.755091
52.2 -13.247707
53.2 -10.789355
54.2 -8.770433
55.2 -7.201626
56.2 -6.194481
57.2 -5.745914
58.2 -5.752176
59.2 -5.885343
60.2 -5.946623
61.2 -5.677828
62.2 -4.874911
63.2 -3.451555
64.2 -1.586968
65.2 0.441364
66.2 2.344807
67.2 3.932865
68.2 5.282446
69.2 6.595610
70.2 8.002779
71.2 9.543468
72.2 11.100027
73.3 12.526285
74.3 13.637439
75.3 14.363273
76.3 14.690570
77.3 14.442655
78.3 13.586696
79.3 12.107037
80.3 10.202034
81.3 8.306824
82.3 6.793851
83.3 5.863067
84.3 5.381221
85.3 5.019428
86.3 4.449161
87.3 3.565707
88.3 2.484816
89.3 1.468053
90.3 0.796764
91.3 0.505183
92.3 0.639503
93.3 0.973166
94.3 1.357451
95.3 1.794722
96.3 2.385582
97.3 3.026046
98.3 3.400548
99.3 3.280581
100.3 2.438622
101.3 1.139113
102.4 -0.184379
103.4 -1.220107
104.4 -1.875304
105.4 -2.382893
106.4 -3.087644
107.4 -4.176805
108.4 -5.590148
109.4 -7.073888
110.4 -8.328665
111.4 -9.403092
112.4 -10.363822
113.4 -11.232112
114.4 -12.006051
115.4 -12.613921
116.4 -13.129464
117.4 -13.623304
118.4 -14.300759
119.4 -15.285287
120.4 -16.485586
121.4 -17.759065
122.4 -18.902575
123.4 -19.799282
124.4 -20.455286
125.4 -20.911108
126.4 -21.300709
127.4 -21.746492
128.4 -22.246590
129.4 -22.790456
130.4 -23.366381
131.5 -23.895408
132.5 -24.276052
133.5 -24.370324
134.5 -24.025450
135.5 -23.173681
136.5 -21.816180
137.5 -20.138565
138.5 -18.410971
139.5 -16.852519
140.5 -15.513611
141.5 -14.268638
142.5 -12.973905
143.5 -11.532567
144.5 -10.100118
145.5 -8.867939
146.5 -7.921082
147.5 -7.256670
148.5 -6.764805
149.5 -6.286055
150.5 -5.806991
151.5 -5.502151
152.5 -5.455782
153.5 -5.578452
154.5 -5.683986
155.5 -5.490953
156.5 -4.817871
157.5 -3.796363
158.5 -2.760650
159.5 -2.000591
160.6 -1.574315
161.6 -1.335179
162.6 -0.999874
163.6 -0.382259
164.6 0.485767
165.6 1.396257
166.6 2.101837
167.6 2.545332
168.6 2.764582
169.6 2.912346
170.6 3.066764
171.6 3.109163
172.6 2.864814
173.6 2.219283
174.6 1.317185
175.6 0.422698
176.6 -0.199999
177.6 -0.450930
178.6 -0.439674
179.6 -0.394948
180.6 -0.491582
181.6 -0.753148
182.6 -1.052086
183.6 -1.197417
184.6 -1.143029
185.6 -0.966826
186.6 -0.796195
187.6 -0.691830
188.6 -0.663935
189.7 -0.658505
190.7 -0.623254
191.7 -0.626601
192.7 -0.717898
193.7 -0.981395
194.7 -1.448238
195.7 -1.995281
196.7 -2.513938
197.7 -2.878636
198.7 -3.075672
199.7 -3.146840
200.7 -3.180769
201.7 -3.251092
202.7 -3.376962
203.7 -3.495252
204.7 -3.502753
205.7 -3.346078
206.7 -2.983689
207.7 -2.419725
208.7 -1.760035
209.7 -1.000035
210.7 -0.191588
211.7 0.627892
212.7 1.379862
213.7 1.920490
214.7 2.199259
215.7 2.167633
216.7 1.928314
217.7 1.633465
218.8 1.385203
219.8 1.210110
220.8 1.023238
221.8 0.715825
222.8 0.245693
223.8 -0.370494
224.8 -1.092401
225.8 -1.784146
226.8 -2.383524
227.8 -2.888864
228.8 -3.300419
229.8 -3.643795
230.8 -3.948598
231.8 -4.177828
232.8 -4.448646
233.8 -4.694535
234.8 -5.069233
235.8 -5.600100
236.8 -6.277068
237.8 -6.952620
238.8 -7.580396
239.8 -8.076143
240.8 -8.459212
241.8 -8.910176
242.8 -9.560847
243.8 -10.391430
244.8 -11.416500
245.8 -12.443313
246.8 -13.411008
247.9 -14.216958
248.9 -14.886773
249.9 -15.399233
250.9 -15.790498
251.9 -16.052805
252.9 -16.227494
253.9 -16.362042
254.9 -16.471680
255.9 -16.539045
256.9 -14.614058
257.9 -7.444713
258.9 -1.938809
259.9 -0.276509
260.9 -0.010896
261.9 -0.000000
262.9 -0.000000
263.9 -0.000000
264.9 -0.000000
265.9 -0.000000
266.9 -0.000000
267.9 -0.000000
268.9 -0.000000
269.9 -0.000000
270.9 -0.000000
271.9 -0.000000
272.9 -0.000000
273.9 -0.000000
274.9 -0.000000
275.9 -0.000000
277.0 -0.000000
278.0 -0.000000
279.0 -0.000000
280.0 -0.000000
281.0 -0.000000
282.0 -0.000000
283.0 -0.000000
284.0 -0.000000
285.0 -0.000000
286.0 -0.000000
287.0 -0.000000
288.0 -0.000000
289.0 -0.000000
290.0 -0.000000
291.0 -16.783935
*
7000 0.10
-8.0 0.0
-7.0 0.0
-6.0 0.0
-5.0 0.0
-4.0 0.0
-3.0 0.0
-2.0 0.0
-1.0 0.0
0.0 0.0
0.0 -0.620264
1.0 -180.501763
2.0 -844.577551
3.0 -1155.399646
4.0 -1247.947664
5.0 -1268.210261
6.0 -1268.481183
7.0 -1266.028703
8.0 -1264.120724
9.0 -1262.916504
10.0 -1262.194638
11.0 -1261.339843
12.0 -1259.592210
13.0 -1256.387882
14.0 -1251.772606
15.1 -1247.245717
16.1 -1243.309418
17.1 -1242.102394
18.1 -1244.165635
19.1 -1278.421779
20.1 -1297.335280
21.1 -952.492207
22.1 -540.542187
23.1 -45.913365
24.1 -115.038685
25.1 -383.676692
26.1 -417.973789
27.1 -331.255872
28.1 -124.781514
29.1 84.114103
30.1 167.123941
31.1 144.687603
32.1 65.008341
33.1 -15.637681
34.1 -59.211128
35.1 -68.528370
36.1 -60.011573
37.1 -48.394152
38.1 -41.500528
39.1 -40.159814
40.1 -41.721750
41.1 -43.080631
42.1 -42.470398
43.1 -39.784143
44.2 -35.702913
45.2 -31.333202
46.2 -27.583240
47.2 -24.975125
48.2 -23.366361
49.2 -22.171545
50.2 -20.803382
51.2 -19.017172
52.2 -16.625269
53.2 -13.911221
54.2 -11.332617
55.2 -9.332555
56.2 -7.904646
57.2 -7.027516
58.2 -6.614856
59.2 -6.500022
60.2 -6.397111
61.2 -6.170409
62.2 -5.614463
63.2 -4.518798
64.2 -2.769736
65.2 -0.593929
66.2 1.608395
67.2 3.613808
68.2 5.362422
69.2 7.003082
70.2 8.643338
71.2 10.298163
72.2 11.835913
73.3 13.134370
74.3 14.082694
75.3 14.776731
76.3 15.217330
77.3 15.280330
78.3 14.701120
79.3 13.393915
80.3 11.593966
81.3 9.754567
82.3 8.234429
83.3 7.232594
84.3 6.597877
85.3 6.086078
86.3 5.502441
87.3 4.770754
88.3 3.868324
89.3 2.883865
90.3 1.976907
91.3 1.289271
92.3 0.925961
93.3 0.947810
94.3 1.258292
95.3 1.696160
96.3 2.111928
97.3 2.488420
98.3 2.823607
99.3 2.996431
100.3 2.684509
101.3 1.767685
102.4 0.470408
103.4 -0.925481
104.4 -2.083528
105.4 -2.930133
106.4 -3.638549
107.4 -4.503667
108.4 -5.747335
109.4 -7.217584
110.4 -8.619518
111.4 -9.833215
112.4 -10.907212
113.4 -11.836138
114.4 -12.701437
115.4 -13.532826
116.4 -14.314426
117.4 -15.073196
118.4 -15.921432
119.4 -16.939400
120.4 -18.140195
121.4 -19.452979
122.4 -20.703579
123.4 -21.769225
124.4 -22.640140
125.4 -23.328261
126.4 -23.857914
127.4 -24.272584
128.4 -24.681626
129.4 -25.142306
130.4 -25.677464
131.5 -26.241196
132.5 -26.700422
133.5 -26.926309
134.5 -26.693957
135.5 -25.955787
136.5 -24.741585
137.5 -23.115611
138.5 -21.300824
139.5 -19.507367
140.5 -17.894457
141.5 -16.445581
142.5 -15.040943
143.5 -13.607066
144.5 -12.177290
145.5 -10.876439
146.5 -9.862983
147.5 -9.126045
148.5 -8.562292
149.5 -8.016631
150.5 -7.434447
151.5 -6.920477
152.5 -6.567020
153.5 -6.423261
154.5 -6.324494
155.5 -6.042007
156.5 -5.452169
157.5 -4.530371
158.5 -3.448713
159.5 -2.502550
160.6 -1.849032
161.6 -1.444155
162.6 -1.123899
163.6 -0.688394
164.6 -0.056592
165.6 0.744065
166.6 1.546193
167.6 2.186756
168.6 2.599029
169.6 2.807069
170.6 2.911697
171.6 2.925066
172.6 2.806158
173.6 2.423991
174.6 1.769786
175.6 0.905341
176.6 0.092744
177.6 -0.435019
178.6 -0.638481
179.6 -0.571672
180.6 -0.489779
181.6 -0.534799
182.6 -0.741441
183.6 -0.984228
184.6 -1.123398
185.6 -1.088768
186.6 -0.931685
187.6 -0.786796
188.6 -0.750032
189.7 -0.848259
190.7 -0.960281
191.7 -1.062549
192.7 -1.174650
193.7 -1.352147
194.7 -1.702790
195.7 -2.180132
196.7 -2.674813
197.7 -3.108415
198.7 -3.378906
199.7 -3.507341
200.7 -3.541543
201.7 -3.543317
202.7 -3.581514
203.7 -3.676704
204.7 -3.730706
205.7 -3.658319
206.7 -3.340511
207.7 -2.798348
208.7 -2.127417
209.7 -1.383518
210.7 -0.549460
211.7 0.264005
212.7 1.056059
213.7 1.659809
214.7 2.045509
215.7 2.117793
216.7 1.929532
217.7 1.635694
218.8 1.350734
219.8 1.080873
220.8 0.852443
221.8 0.550663
222.8 0.127861
223.8 -0.386041
224.8 -1.011808
225.8 -1.654666
226.8 -2.270438
227.8 -2.833360
228.8 -3.299466
229.8 -3.710870
230.8 -4.126222
231.8 -4.523652
232.8 -4.948699
233.8 -5.341560
234.8 -5.760851
235.8 -6.284001
236.8 -6.875308
237.8 -7.570402
238.8 -8.282999
239.8 -8.912174
240.8 -9.473587
241.8 -10.024409
242.8 -10.629063
243.8 -11.453559
244.8 -12.408983
245.8 -13.532520
246.8 -14.612032
247.9 -15.538666
248.9 -16.321338
249.9 -16.936279
250.9 -17.403197
251.9 -17.762276
252.9 -18.026862
253.9 -18.220599
254.9 -18.352694
255.9 -18.421384
256.9 -16.244948
257.9 -8.264955
258.9 -2.152115
259.9 -0.306930
260.9 -0.012094
261.9 -0.000000
262.9 -0.000000
263.9 -0.000000
264.9 -0.000000
265.9 -0.000000
266.9 -0.000000
267.9 -0.000000
268.9 -0.000000
269.9 -0.000000
270.9 -0.000000
271.9 -0.000000
272.9 -0.000000
273.9 -0.000000
274.9 -0.000000
275.9 -0.000000
277.0 -0.000000
278.0 -0.000000
279.0 -0.000000
280.0 -0.000000
281.0 -0.000000
282.0 -0.000000
283.0 -0.000000
284.0 -0.000000
285.0 -0.000000
286.0 -0.000000
287.0 -0.000000
288.0 -0.000000
289.0 -0.000000
290.0 -0.000000
291.0 -18.630482
*
8000. 0.09
-8.0 0.0
-7.0 0.0
-6.0 0.0
-5.0 0.0
-4.0 0.0
-3.0 0.0
-2.0 0.0
-1.0 0.0
0.0 0.0
0.0 -0.731997
1.0 -183.536376
2.0 -844.814449
3.0 -1155.701806
4.0 -1248.012648
5.0 -1268.242618
6.0 -1268.521973
7.0 -1266.082824
8.0 -1264.210236
9.0 -1263.111876
10.0 -1262.604622
11.0 -1262.324906
12.0 -1261.743758
13.0 -1260.228755
14.0 -1257.246336
15.1 -1252.833033
16.1 -1248.327687
17.1 -1244.234058
18.1 -1242.732988
19.1 -1243.358481
20.1 -1272.901657
21.1 -1304.853750
22.1 -1002.581209
23.1 -587.729555
24.1 -88.747900
25.1 -62.385146
26.1 -345.627307
27.1 -401.225155
28.1 -333.434699
29.1 -148.220016
30.1 54.387168
31.1 151.740653
32.1 135.497395
33.1 60.174393
34.1 -18.054710
35.1 -62.633895
36.1 -73.864167
37.1 -66.423165
38.1 -54.713509
39.1 -46.864824
40.1 -44.241150
41.1 -44.577389
42.1 -44.999281
43.1 -43.844505
44.2 -41.081903
45.2 -37.168427
46.2 -32.867780
47.2 -29.174607
48.2 -26.499128
49.2 -24.704221
50.2 -23.227433
51.2 -21.620969
52.2 -19.534888
53.2 -16.936420
54.2 -14.154446
55.2 -11.651950
56.2 -9.861177
57.2 -8.698067
58.2 -7.923985
59.2 -7.419804
60.2 -7.056875
61.2 -6.632191
62.2 -5.985368
63.2 -5.037287
64.2 -3.528680
65.2 -1.499236
66.2 0.819460
67.2 3.087249
68.2 5.186456
69.2 7.172759
70.2 9.144876
71.2 11.015954
72.2 12.682649
73.3 13.974561
74.3 14.826733
75.3 15.341116
76.3 15.705932
77.3 15.826325
78.3 15.447650
79.3 14.400935
80.3 12.772239
81.3 11.016918
82.3 9.612985
83.3 8.647557
84.3 7.976762
85.3 7.329315
86.3 6.574012
87.3 5.762960
88.3 4.966795
89.3 4.151343
90.3 3.287905
91.3 2.425547
92.3 1.695002
93.3 1.306681
94.3 1.348923
95.3 1.712905
96.3 2.133968
97.3 2.381036
98.3 2.510637
99.3 2.519454
100.3 2.349773
101.3 1.852194
102.4 0.891899
103.4 -0.418063
104.4 -1.856422
105.4 -3.122985
106.4 -4.142187
107.4 -5.062490
108.4 -6.123707
109.4 -7.427460
110.4 -8.815265
111.4 -10.143198
112.4 -11.374015
113.4 -12.420054
114.4 -13.333131
115.4 -14.246646
116.4 -15.202560
117.4 -16.208203
118.4 -17.326580
119.4 -18.558763
120.4 -19.853148
121.4 -21.173072
122.4 -22.433254
123.4 -23.595759
124.4 -24.622373
125.4 -25.476456
126.4 -26.171692
127.4 -26.686060
128.4 -27.098116
129.4 -27.485308
130.4 -27.944746
131.5 -28.479485
132.5 -28.954956
133.5 -29.224058
134.5 -29.088642
135.5 -28.411726
136.5 -27.261497
137.5 -25.741329
138.5 -24.006083
139.5 -22.192625
140.5 -20.393406
141.5 -18.666103
142.5 -17.014821
143.5 -15.449362
144.5 -13.993667
145.5 -12.744235
146.5 -11.721648
147.5 -10.916602
148.5 -10.256615
149.5 -9.641566
150.5 -8.998224
151.5 -8.399203
152.5 -7.907876
153.5 -7.516599
154.5 -7.154844
155.5 -6.643601
156.5 -5.911644
157.5 -5.006270
158.5 -4.007409
159.5 -3.064964
160.6 -2.287761
161.6 -1.685611
162.6 -1.186515
163.6 -0.728286
164.6 -0.228513
165.6 0.356955
166.6 1.053857
167.6 1.742360
168.6 2.320499
169.6 2.711280
170.6 2.859129
171.6 2.841012
172.6 2.672794
173.6 2.358527
174.6 1.902096
175.6 1.288198
176.6 0.546614
177.6 -0.149117
178.6 -0.594198
179.6 -0.752828
180.6 -0.680887
181.6 -0.554907
182.6 -0.544768
183.6 -0.686429
184.6 -0.870259
185.6 -0.973655
186.6 -0.976517
187.6 -0.903715
188.6 -0.875629
189.7 -0.930039
190.7 -1.100714
191.7 -1.330952
192.7 -1.560330
193.7 -1.786941
194.7 -2.085142
195.7 -2.446205
196.7 -2.876711
197.7 -3.272518
198.7 -3.560467
199.7 -3.725021
200.7 -3.795866
201.7 -3.822080
202.7 -3.870632
203.7 -3.939174
204.7 -3.969837
205.7 -3.868163
206.7 -3.588711
207.7 -3.094237
208.7 -2.430851
209.7 -1.657465
210.7 -0.815610
211.7 0.023258
212.7 0.804019
213.7 1.452862
214.7 1.852319
215.7 1.977526
216.7 1.881022
217.7 1.639893
218.8 1.364274
219.8 1.063788
220.8 0.737038
221.8 0.355092
222.8 -0.071329
223.8 -0.561553
224.8 -1.099469
225.8 -1.642515
226.8 -2.165022
227.8 -2.700787
228.8 -3.218584
229.8 -3.701245
230.8 -4.193371
231.8 -4.675575
232.8 -5.200305
233.8 -5.773775
234.8 -6.358498
235.8 -6.931754
236.8 -7.536314
237.8 -8.167532
238.8 -8.844264
239.8 -9.584028
240.8 -10.303076
241.8 -11.011739
242.8 -11.741239
243.8 -12.564034
244.8 -13.519698
245.8 -14.547092
246.8 -15.633022
247.9 -16.665807
248.9 -17.550206
249.9 -18.282791
250.9 -18.848018
251.9 -19.307567
252.9 -19.658762
253.9 -19.914949
254.9 -20.120361
255.9 -20.201560
256.9 -17.785718
257.9 -9.041791
258.9 -2.354198
259.9 -0.335751
260.9 -0.013230
261.9 -0.000000
262.9 -0.000000
263.9 -0.000000
264.9 -0.000000
265.9 -0.000000
266.9 -0.000000
267.9 -0.000000
268.9 -0.000000
269.9 -0.000000
270.9 -0.000000
271.9 -0.000000
272.9 -0.000000
273.9 -0.000000
274.9 -0.000000
275.9 -0.000000
277.0 -0.000000
278.0 -0.000000
279.0 -0.000000
280.0 -0.000000
281.0 -0.000000
282.0 -0.000000
283.0 -0.000000
284.0 -0.000000
285.0 -0.000000
286.0 -0.000000
287.0 -0.000000
288.0 -0.000000
289.0 -0.000000
290.0 -0.000000
291.0 -20.379884

