-0.840659340659 1e-08
-0.5 1e-08
-0.159340659341 1e-08
0.181318681319 0.000114484981168
0.521978021978 0.000114483904326
0.862637362637 0.000228964418056
1.2032967033 0.000801387359388
1.54395604396 0.00160276831593
1.88461538462 0.000915870652534
2.22527472527 0.00137379823718
2.56593406593 0.00320553011261
2.90659340659 0.00240412913263
3.24725274725 0.00469378894195
3.58791208791 0.00423589302227
3.92857142857 0.00480829039589
4.26923076923 0.00331998826005
4.60989010989 0.000801383052021
4.95054945055 0.00114481966011
5.29120879121 0.00549516035244
5.63186813187 0.00435040798038
5.97252747253 0.00881526060402
6.31318681319 0.0104180816561
6.65384615385 0.0129367113113
6.99450549451 0.0146537981927
7.33516483516 0.0148826455697
7.67582417582 0.0179735794663
8.01648351648 0.0180882364511
8.35714285714 0.0202634539455
8.6978021978 0.0186606608331
9.03846153846 0.0175158679485
9.37912087912 0.0178597625345
9.71978021978 0.0206068698317
10.0604395604 0.0224386844784
10.4010989011 0.0235832091421
10.7417582418 0.0225527659059
11.0824175824 0.0247277766466
11.4230769231 0.0241551846266
11.7637362637 0.0259873270988
12.1043956044 0.0280481129885
12.4450549451 0.0280475635082
12.7857142857 0.0243838429451
13.1263736264 0.0285056568682
13.467032967 0.026445960626
13.8076923077 0.0281631071121
14.1483516484 0.0263316333294
14.489010989 0.0239270403981
14.8296703297 0.0267874989659
15.1703296703 0.0296508092433
15.510989011 0.0286207646132
15.8516483516 0.0256457012147
16.1923076923 0.028505474329
16.532967033 0.0263309776783
16.8736263736 0.0262162592262
17.2142857143 0.0220949295908
17.5549450549 0.0239271186292
17.8956043956 0.0220964513719
18.2362637363 0.0202623810619
18.5769230769 0.0185447949916
18.9175824176 0.0186609774828
19.2582417582 0.0149967717007
19.5989010989 0.0138526381925
19.9395604396 0.0120199769735
20.2802197802 0.011905990541
20.6208791209 0.00709762098268
20.9615384615 0.00835714396089
21.3021978022 0.00744139263406
21.6428571429 0.00480810366571
21.9835164835 0.00412128586322
22.3241758242 0.00274664908648
22.6648351648 0.00194661284331
23.0054945055 0.00194644590374
23.3461538462 0.00125916174147
23.6868131868 0.000343160907505
24.0274725275 0.000228959586821
24.3681318681 1e-08
24.7087912088 1e-08
25.0494505495 1e-08
25.3901098901 1e-08
25.7307692308 1e-08
26.0714285714 1e-08
26.4120879121 1e-08
26.7527472527 1e-08
27.0934065934 1e-08
27.4340659341 1e-08
27.7747252747 1e-08
28.1153846154 1e-08
28.456043956 1e-08
28.7967032967 1e-08
29.1373626374 1e-08
29.478021978 1e-08
29.8186813187 1e-08
30.1593406593 1e-08
30.5 1e-08
