 200,        !Nanometers
   0.000,  1.208,  2.176,  2.994,  3.707,  4.340,  4.907,  5.417,  5.877,  6.296,
   6.684,  7.051,  7.405,  7.758,  8.111,  8.452,  8.777,  9.092,  9.409,  9.740,
  10.099, 10.485, 10.894, 11.309, 11.713, 12.095, 12.443, 12.751, 13.019, 13.251,
  13.451, 13.623, 13.772, 13.899, 14.007, 14.099, 14.179, 14.246, 14.302, 14.350,
  14.391, 14.425, 14.453, 14.475, 14.492, 14.506, 14.517, 14.526, 14.533, 14.539,
  14.543,
 205,        !Nanometers
   0.000,  1.112,  1.995,  2.738,  3.382,  3.955,  4.468,  4.931,  5.349,  5.732,
   6.091,  6.436,  6.775,  7.122,  7.478,  7.826,  8.162,  8.492,  8.828,  9.184,
   9.573,  9.999, 10.451, 10.912, 11.363, 11.789, 12.179, 12.524, 12.823, 13.083,
  13.307, 13.500, 13.667, 13.809, 13.930, 14.033, 14.123, 14.198, 14.261, 14.314,
  14.360, 14.398, 14.429, 14.454, 14.473, 14.489, 14.501, 14.510, 14.518, 14.524,
  14.529,
 210,        !Nanometers
   0.000,  1.042,  1.866,  2.554,  3.150,  3.680,  4.156,  4.586,  4.978,  5.341,
   5.688,  6.029,  6.377,  6.749,  7.143,  7.537,  7.922,  8.308,  8.706,  9.136,
   9.615, 10.142, 10.708, 11.288, 11.857, 12.396, 12.891, 13.328, 13.707, 14.038,
  14.322, 14.566, 14.778, 14.959, 15.112, 15.243, 15.357, 15.452, 15.532, 15.600,
  15.658, 15.706, 15.746, 15.776, 15.801, 15.820, 15.835, 15.847, 15.857, 15.865,
  15.871,
 215,        !Nanometers
   0.000,  0.987,  1.763,  2.408,  2.966,  3.462,  3.908,  4.314,  4.686,  5.035,
   5.376,  5.720,  6.083,  6.486,  6.925,  7.372,  7.814,  8.262,  8.732,  9.244,
   9.819, 10.459, 11.149, 11.859, 12.557, 13.219, 13.827, 14.365, 14.832, 15.239,
  15.588, 15.889, 16.150, 16.373, 16.561, 16.722, 16.862, 16.979, 17.077, 17.161,
  17.232, 17.292, 17.340, 17.378, 17.408, 17.432, 17.450, 17.465, 17.476, 17.486,
  17.493,
 220,        !Nanometers
   0.000,  0.957,  1.709,  2.332,  2.870,  3.349,  3.782,  4.180,  4.547,  4.898,
   5.251,  5.620,  6.027,  6.498,  7.026,  7.573,  8.121,  8.683,  9.278,  9.935,
  10.680, 11.514, 12.419, 13.351, 14.269, 15.143, 15.945, 16.654, 17.271, 17.808,
  18.269, 18.666, 19.011, 19.305, 19.553, 19.766, 19.951, 20.106, 20.235, 20.345,
  20.439, 20.519, 20.582, 20.632, 20.671, 20.702, 20.727, 20.746, 20.761, 20.773,
  20.783,
 225,        !Nanometers
   0.000,  0.975,  1.745,  2.385,  2.936,  3.429,  3.879,  4.297,  4.690,  5.075,
   5.479,  5.923,  6.437,  7.062,  7.784,  8.544,  9.315, 10.115, 10.970, 11.923,
  13.013, 14.241, 15.577, 16.959, 18.322, 19.620, 20.812, 21.868, 22.784, 23.583,
  24.270, 24.860, 25.373, 25.811, 26.180, 26.497, 26.772, 27.002, 27.195, 27.358,
  27.498, 27.616, 27.710, 27.784, 27.843, 27.889, 27.925, 27.953, 27.975, 27.993,
  28.007,
 230,        !Nanometers
   0.000,  1.093,  1.971,  2.706,  3.339,  3.912,  4.443,  4.944,  5.426,  5.918,
   6.461,  7.091,  7.860,  8.838,  9.999, 11.237, 12.506, 13.833, 15.263, 16.870,
  18.719, 20.810, 23.095, 25.460, 27.796, 30.023, 32.069, 33.881, 35.455, 36.827,
  38.005, 39.019, 39.900, 40.652, 41.286, 41.830, 42.302, 42.697, 43.028, 43.309,
  43.549, 43.751, 43.913, 44.040, 44.140, 44.219, 44.280, 44.328, 44.366, 44.396,
  44.421,
 235,        !Nanometers
   0.000,  1.202,  2.182,  3.005,  3.716,  4.362,  4.967,  5.547,  6.111,  6.702,
   7.374,  8.174,  9.178, 10.479, 12.044, 13.721, 15.446, 17.256, 19.214, 21.420,
  23.965, 26.848, 30.001, 33.268, 36.497, 39.575, 42.403, 44.910, 47.086, 48.983,
  50.613, 52.015, 53.232, 54.273, 55.149, 55.901, 56.554, 57.101, 57.559, 57.946,
  58.279, 58.558, 58.782, 58.957, 59.095, 59.204, 59.289, 59.355, 59.407, 59.449,
  59.483,
 240,        !Nanometers
   0.000,  1.345,  2.457,  3.395,  4.206,  4.948,  5.650,  6.328,  6.996,  7.709,
   8.537,  9.544, 10.829, 12.516, 14.559, 16.757, 19.023, 21.406, 23.990, 26.905,
  30.273, 34.093, 38.274, 42.607, 46.891, 50.975, 54.729, 58.056, 60.944, 63.462,
  65.626, 67.487, 69.103, 70.484, 71.647, 72.645, 73.512, 74.238, 74.845, 75.360,
  75.801, 76.172, 76.468, 76.701, 76.884, 77.029, 77.141, 77.228, 77.298, 77.353,
  77.398,
 245,        !Nanometers
   0.000,  1.432,  2.625,  3.634,  4.507,  5.309,  6.069,  6.809,  7.545,  8.336,
   9.266, 10.409, 11.881, 13.826, 16.189, 18.737, 21.366, 24.133, 27.137, 30.529,
  34.450, 38.901, 43.773, 48.824, 53.817, 58.578, 62.955, 66.833, 70.201, 73.137,
  75.659, 77.829, 79.713, 81.324, 82.679, 83.843, 84.854, 85.700, 86.408, 87.008,
  87.523, 87.955, 88.301, 88.572, 88.785, 88.954, 89.085, 89.187, 89.268, 89.332,
  89.384,
 250,        !Nanometers
   0.000,  1.523,  2.800,  3.883,  4.821,  5.684,  6.507,  7.311,  8.114,  8.986,
  10.020, 11.301, 12.960, 15.164, 17.849, 20.746, 23.739, 26.891, 30.315, 34.184,
  38.659, 43.741, 49.304, 55.072, 60.775, 66.214, 71.214, 75.644, 79.491, 82.844,
  85.726, 88.204, 90.357, 92.197, 93.745, 95.075, 96.229, 97.196, 98.005, 98.690,
  99.278, 99.771,100.167,100.476,100.720,100.912,101.062,101.178,101.271,101.344,
 101.404,
 255,        !Nanometers
   0.000,  1.511,  2.779,  3.854,  4.785,  5.642,  6.460,  7.262,  8.064,  8.938,
   9.978, 11.272, 12.952, 15.187, 17.913, 20.856, 23.898, 27.102, 30.584, 34.519,
  39.071, 44.241, 49.902, 55.771, 61.575, 67.109, 72.198, 76.706, 80.621, 84.034,
  86.966, 89.489, 91.679, 93.551, 95.127, 96.480, 97.655, 98.639, 99.462,100.160,
 100.758,101.260,101.662,101.977,102.225,102.421,102.573,102.692,102.785,102.860,
 102.921,
 260,        !Nanometers
   0.000,  1.459,  2.682,  3.717,  4.613,  5.438,  6.227,  7.000,  7.775,  8.620,
   9.629, 10.885, 12.519, 14.695, 17.351, 20.219, 23.183, 26.307, 29.701, 33.538,
  37.977, 43.019, 48.539, 54.264, 59.925, 65.322, 70.285, 74.682, 78.500, 81.829,
  84.689, 87.150, 89.286, 91.112, 92.649, 93.969, 95.115, 96.074, 96.877, 97.558,
  98.141, 98.631, 99.023, 99.330, 99.572, 99.763, 99.911,100.027,100.119,100.191,
 100.251,
 265,        !Nanometers
   0.000,  1.336,  2.447,  3.386,  4.197,  4.943,  5.656,  6.354,  7.053,  7.815,
   8.724,  9.856, 11.327, 13.285, 15.674, 18.254, 20.921, 23.730, 26.783, 30.234,
  34.227, 38.761, 43.726, 48.874, 53.965, 58.819, 63.282, 67.237, 70.670, 73.664,
  76.236, 78.449, 80.370, 82.012, 83.394, 84.581, 85.612, 86.475, 87.197, 87.809,
  88.334, 88.774, 89.127, 89.402, 89.620, 89.792, 89.925, 90.029, 90.112, 90.177,
  90.231,
 270,            !nanometes
 0.000, 1.143, 2.081, 2.869, 3.547, 4.168, 4.761, 5.339, 5.917, 6.544,
 7.289, 8.212, 9.410,11.003,12.941,15.029,17.188,19.464,21.935,24.728,
27.959,31.629,35.643,39.801,43.916,47.841,51.449,54.647,57.425,59.844,
61.919,63.703,65.255,66.584,67.705,68.666,69.499,70.196,70.780,71.275,
71.699,72.054,72.339,72.563,72.739,72.878,72.985,73.070,73.136,73.189,
73.232,
 280,            ! nanometers.
 0.000, 0.742, 1.323, 1.800, 2.205, 2.573, 2.918, 3.251, 3.579, 3.928,
 4.333, 4.824, 5.451, 6.274, 7.268, 8.336, 9.437,10.596,11.852,13.269,
14.906,16.764,18.795,20.898,22.978,24.962,26.786,28.402,29.806,31.028,
32.077,32.979,33.763,34.435,35.001,35.487,35.908,36.261,36.556,36.805,
37.020,37.199,37.334,37.456,37.546,37.616,37.670,37.713,37.747,37.773,
37.795,
 300,            !nanometers
 0.000, 0.360, 0.598, 0.773, 0.914, 1.036, 1.143, 1.240, 1.329, 1.413,
 1.497, 1.584, 1.679, 1.787, 1.907, 2.030, 2.154, 2.280, 2.414, 2.561,
 2.727, 2.912, 3.113, 3.320, 3.523, 3.717, 3.894, 4.052, 4.188, 4.307,
 4.409, 4.497, 4.573, 4.638, 4.693, 4.741, 4.782, 4.816, 4.845, 4.869,
 4.890, 4.907, 4.921, 4.932, 4.941, 4.948, 4.953, 4.958, 4.961, 4.964,
 4.966,
 320,            ! nanometers,
 0.000, 0.288, 0.464, 0.586, 0.680, 0.759, 0.826, 0.885, 0.937, 0.984,
 1.026, 1.065, 1.100, 1.133, 1.163, 1.191, 1.216, 1.239, 1.262, 1.284,
 1.306, 1.329, 1.353, 1.376, 1.398, 1.419, 1.438, 1.454, 1.469, 1.481,
 1.492, 1.501, 1.509, 1.516, 1.521, 1.526, 1.531, 1.534, 1.537, 1.540,
 1.542, 1.544, 1.545, 1.546, 1.547, 1.548, 1.549, 1.549, 1.550, 1.550,
 1.550,
 340,            ! nanometers
 0.000, 0.254, 0.403, 0.502, 0.576, 0.637, 0.688, 0.732, 0.771, 0.806,
 0.837, 0.864, 0.888, 0.908, 0.926, 0.941, 0.955, 0.966, 0.976, 0.985,
 0.993, 1.000, 1.006, 1.011, 1.016, 1.020, 1.024, 1.027, 1.030, 1.032,
 1.034, 1.036, 1.038, 1.039, 1.040, 1.041, 1.042, 1.042, 1.043, 1.044,
 1.044, 1.044, 1.045, 1.045, 1.045, 1.045, 1.045, 1.046, 1.046, 1.046,
 1.046,
 360,            ! nanometers
 0.000, 0.237, 0.370, 0.455, 0.516, 0.564, 0.605, 0.640, 0.671, 0.698,
 0.722, 0.743, 0.762, 0.777, 0.791, 0.803, 0.812, 0.821, 0.828, 0.835,
 0.840, 0.845, 0.849, 0.852, 0.855, 0.857, 0.859, 0.861, 0.863, 0.864,
 0.865, 0.866, 0.867, 0.868, 0.868, 0.869, 0.869, 0.870, 0.870, 0.870,
 0.870, 0.871, 0.871, 0.871, 0.871, 0.871, 0.871, 0.871, 0.871, 0.871,
 0.872,
 380,            !nanometers
 0.000, 0.216, 0.335, 0.408, 0.459, 0.498, 0.531, 0.559, 0.584, 0.605,
 0.625, 0.642, 0.656, 0.669, 0.680, 0.689, 0.697, 0.704, 0.710, 0.715,
 0.719, 0.722, 0.726, 0.728, 0.731, 0.733, 0.734, 0.736, 0.737, 0.738,
 0.739, 0.740, 0.740, 0.741, 0.741, 0.742, 0.742, 0.742, 0.742, 0.743,
 0.743, 0.743, 0.743, 0.743, 0.743, 0.743, 0.744, 0.744, 0.744, 0.744,
 0.744,
 400,            ! nanometers
 0.000, 0.185, 0.285, 0.346, 0.388, 0.420, 0.447, 0.470, 0.490, 0.507,
 0.523, 0.536, 0.548, 0.558, 0.567, 0.575, 0.581, 0.586, 0.591, 0.595,
 0.599, 0.602, 0.604, 0.606, 0.608, 0.610, 0.611, 0.612, 0.613, 0.614,
 0.615, 0.615, 0.616, 0.616, 0.617, 0.617, 0.617, 0.618, 0.618, 0.618,
 0.618, 0.618, 0.618, 0.619, 0.619, 0.619, 0.619, 0.619, 0.619, 0.619,
 0.619,
 450,            ! nanometers
 0.000, 0.155, 0.234, 0.279, 0.308, 0.330, 0.347, 0.361, 0.373, 0.384,
 0.394, 0.402, 0.410, 0.416, 0.421, 0.426, 0.430, 0.433, 0.436, 0.439,
 0.441, 0.443, 0.445, 0.446, 0.447, 0.448, 0.449, 0.450, 0.451, 0.451,
 0.452, 0.452, 0.452, 0.453, 0.453, 0.453, 0.453, 0.454, 0.454, 0.454,
 0.454, 0.454, 0.454, 0.454, 0.454, 0.454, 0.454, 0.454, 0.454, 0.454,
 0.454,
 500,            ! nanometers
 0.000, 0.137, 0.204, 0.240, 0.262, 0.278, 0.289, 0.299, 0.307, 0.314,
 0.320, 0.326, 0.331, 0.335, 0.339, 0.342, 0.345, 0.348, 0.350, 0.352,
 0.354, 0.356, 0.358, 0.359, 0.361, 0.362, 0.363, 0.364, 0.365, 0.366,
 0.366, 0.367, 0.367, 0.368, 0.368, 0.368, 0.369, 0.369, 0.369, 0.369,
 0.369, 0.369, 0.369, 0.369, 0.370, 0.370, 0.370, 0.370, 0.370, 0.370,
 0.370,
 550,            ! nanometers
 0.000, 0.125, 0.185, 0.216, 0.234, 0.245, 0.254, 0.260, 0.266, 0.271,
 0.276, 0.280, 0.284, 0.287, 0.290, 0.293, 0.296, 0.298, 0.301, 0.303,
 0.305, 0.308, 0.310, 0.313, 0.315, 0.317, 0.319, 0.321, 0.322, 0.324,
 0.325, 0.326, 0.327, 0.327, 0.328, 0.328, 0.329, 0.329, 0.330, 0.330,
 0.330, 0.330, 0.330, 0.330, 0.331, 0.331, 0.331, 0.331, 0.331, 0.331,
 0.331,
 600,            ! nanometers
 0.000, 0.116, 0.171, 0.198, 0.213, 0.222, 0.229, 0.234, 0.238, 0.242,
 0.245, 0.248, 0.251, 0.254, 0.257, 0.260, 0.262, 0.265, 0.267, 0.270,
 0.272, 0.275, 0.278, 0.281, 0.284, 0.287, 0.290, 0.292, 0.294, 0.296,
 0.297, 0.298, 0.299, 0.300, 0.301, 0.302, 0.302, 0.303, 0.303, 0.303,
 0.304, 0.304, 0.304, 0.304, 0.305, 0.305, 0.305, 0.305, 0.305, 0.305,
 0.305,
 650,            ! nanometers
 0.000, 0.108, 0.158, 0.182, 0.195, 0.202, 0.207, 0.211, 0.214, 0.216,
 0.219, 0.221, 0.223, 0.225, 0.227, 0.228, 0.230, 0.231, 0.233, 0.234,
 0.236, 0.237, 0.239, 0.240, 0.242, 0.243, 0.244, 0.245, 0.246, 0.247,
 0.248, 0.249, 0.249, 0.250, 0.250, 0.250, 0.251, 0.251, 0.251, 0.251,
 0.251, 0.251, 0.252, 0.252, 0.252, 0.252, 0.252, 0.252, 0.252, 0.252,
 0.252,
 700,            ! nanometers
 0.000, 0.101, 0.148, 0.170, 0.180, 0.187, 0.191, 0.194, 0.196, 0.198,
 0.199, 0.201, 0.202, 0.203, 0.205, 0.206, 0.206, 0.207, 0.208, 0.209,
 0.210, 0.210, 0.211, 0.212, 0.212, 0.213, 0.214, 0.214, 0.215, 0.215,
 0.215, 0.215, 0.216, 0.216, 0.216, 0.216, 0.216, 0.216, 0.216, 0.217,
 0.217, 0.217, 0.217, 0.217, 0.217, 0.217, 0.217, 0.217, 0.217, 0.217,
 0.217,
 800,            ! nanometers
 0.000, 0.094, 0.136, 0.155, 0.164, 0.169, 0.172, 0.174, 0.175, 0.177,
 0.177, 0.178, 0.179, 0.180, 0.180, 0.181, 0.182, 0.182, 0.182, 0.183,
 0.183, 0.184, 0.184, 0.184, 0.185, 0.185, 0.185, 0.186, 0.186, 0.186,
 0.186, 0.186, 0.186, 0.186, 0.186, 0.187, 0.187, 0.187, 0.187, 0.187,
 0.187, 0.187, 0.187, 0.187, 0.187, 0.187, 0.187, 0.187, 0.187, 0.187,
 0.187,
 900,            ! nanometers
 0.000, 0.088, 0.127, 0.145, 0.153, 0.157, 0.159, 0.160, 0.161, 0.162,
 0.162, 0.163, 0.163, 0.164, 0.164, 0.164, 0.165, 0.165, 0.165, 0.165,
 0.165, 0.166, 0.166, 0.166, 0.166, 0.166, 0.166, 0.166, 0.166, 0.166,
 0.166, 0.166, 0.166, 0.166, 0.166, 0.166, 0.166, 0.166, 0.166, 0.166,
 0.166, 0.166, 0.166, 0.166, 0.166, 0.166, 0.166, 0.166, 0.166, 0.166,
 0.166,
