* PMPIX 0 0    0	      0.00	      0.00 18.1 0.0
* PMPIX 0 0    1	     31.40	     -0.00 18.1 0.0
* PMPIX 0 0    2	     15.70	    -27.19 18.1 0.0
* PMPIX 0 0    3	    -15.70	    -27.19 18.1 0.0
* PMPIX 0 0    4	    -31.40	     -0.00 18.1 0.0
* PMPIX 0 0    5	    -15.70	     27.19 18.1 0.0
* PMPIX 0 0    6	     15.70	     27.19 18.1 0.0
* PMPIX 0 0    7	     62.80	     -0.00 18.1 0.0
* PMPIX 0 0    8	     47.10	    -27.19 18.1 0.0
* PMPIX 0 0    9	     31.40	    -54.39 18.1 0.0
* PMPIX 0 0    10	      0.00	    -54.39 18.1 0.0
* PMPIX 0 0    11	    -31.40	    -54.39 18.1 0.0
* PMPIX 0 0    12	    -47.10	    -27.19 18.1 0.0
* PMPIX 0 0    13	    -62.80	     -0.00 18.1 0.0
* PMPIX 0 0    14	    -47.10	     27.19 18.1 0.0
* PMPIX 0 0    15	    -31.40	     54.39 18.1 0.0
* PMPIX 0 0    16	     -0.00	     54.39 18.1 0.0
* PMPIX 0 0    17	     31.40	     54.39 18.1 0.0
* PMPIX 0 0    18	     47.10	     27.19 18.1 0.0
* PMPIX 0 0    19	     94.20	     -0.00 18.1 0.0
* PMPIX 0 0    20	     78.50	    -27.19 18.1 0.0
* PMPIX 0 0    21	     62.80	    -54.39 18.1 0.0
* PMPIX 0 0    22	     47.10	    -81.58 18.1 0.0
* PMPIX 0 0    23	     15.70	    -81.58 18.1 0.0
* PMPIX 0 0    24	    -15.70	    -81.58 18.1 0.0
* PMPIX 0 0    25	    -47.10	    -81.58 18.1 0.0
* PMPIX 0 0    26	    -62.80	    -54.39 18.1 0.0
* PMPIX 0 0    27	    -78.50	    -27.19 18.1 0.0
* PMPIX 0 0    28	    -94.20	     -0.00 18.1 0.0
* PMPIX 0 0    29	    -78.50	     27.19 18.1 0.0
* PMPIX 0 0    30	    -62.80	     54.39 18.1 0.0
* PMPIX 0 0    31	    -47.10	     81.58 18.1 0.0
* PMPIX 0 0    32	    -15.70	     81.58 18.1 0.0
* PMPIX 0 0    33	     15.70	     81.58 18.1 0.0
* PMPIX 0 0    34	     47.10	     81.58 18.1 0.0
* PMPIX 0 0    35	     62.80	     54.39 18.1 0.0
* PMPIX 0 0    36	     78.50	     27.19 18.1 0.0
* PMPIX 0 0    37	    125.60	     -0.00 18.1 0.0
* PMPIX 0 0    38	    109.90	    -27.19 18.1 0.0
* PMPIX 0 0    39	     94.20	    -54.39 18.1 0.0
* PMPIX 0 0    40	     78.50	    -81.58 18.1 0.0
* PMPIX 0 0    41	     62.80	   -108.77 18.1 0.0
* PMPIX 0 0    42	     31.40	   -108.77 18.1 0.0
* PMPIX 0 0    43	      0.00	   -108.77 18.1 0.0
* PMPIX 0 0    44	    -31.40	   -108.77 18.1 0.0
* PMPIX 0 0    45	    -62.80	   -108.77 18.1 0.0
* PMPIX 0 0    46	    -78.50	    -81.58 18.1 0.0
* PMPIX 0 0    47	    -94.20	    -54.39 18.1 0.0
* PMPIX 0 0    48	   -109.90	    -27.19 18.1 0.0
* PMPIX 0 0    49	   -125.60	     -0.00 18.1 0.0
* PMPIX 0 0    50	   -109.90	     27.19 18.1 0.0
* PMPIX 0 0    51	    -94.20	     54.39 18.1 0.0
* PMPIX 0 0    52	    -78.50	     81.58 18.1 0.0
* PMPIX 0 0    53	    -62.80	    108.77 18.1 0.0
* PMPIX 0 0    54	    -31.40	    108.77 18.1 0.0
* PMPIX 0 0    55	     -0.00	    108.77 18.1 0.0
* PMPIX 0 0    56	     31.40	    108.77 18.1 0.0
* PMPIX 0 0    57	     62.80	    108.77 18.1 0.0
* PMPIX 0 0    58	     78.50	     81.58 18.1 0.0
* PMPIX 0 0    59	     94.20	     54.39 18.1 0.0
* PMPIX 0 0    60	    109.90	     27.19 18.1 0.0
* PMPIX 0 0    61	    157.00	     -0.00 18.1 0.0
* PMPIX 0 0    62	    141.30	    -27.19 18.1 0.0
* PMPIX 0 0    63	    125.60	    -54.39 18.1 0.0
* PMPIX 0 0    64	    109.90	    -81.58 18.1 0.0
* PMPIX 0 0    65	     94.20	   -108.77 18.1 0.0
* PMPIX 0 0    66	     78.50	   -135.97 18.1 0.0
* PMPIX 0 0    67	     47.10	   -135.97 18.1 0.0
* PMPIX 0 0    68	     15.70	   -135.97 18.1 0.0
* PMPIX 0 0    69	    -15.70	   -135.97 18.1 0.0
* PMPIX 0 0    70	    -47.10	   -135.97 18.1 0.0
* PMPIX 0 0    71	    -78.50	   -135.97 18.1 0.0
* PMPIX 0 0    72	    -94.20	   -108.77 18.1 0.0
* PMPIX 0 0    73	   -109.90	    -81.58 18.1 0.0
* PMPIX 0 0    74	   -125.60	    -54.39 18.1 0.0
* PMPIX 0 0    75	   -141.30	    -27.19 18.1 0.0
* PMPIX 0 0    76	   -157.00	     -0.00 18.1 0.0
* PMPIX 0 0    77	   -141.30	     27.19 18.1 0.0
* PMPIX 0 0    78	   -125.60	     54.39 18.1 0.0
* PMPIX 0 0    79	   -109.90	     81.58 18.1 0.0
* PMPIX 0 0    80	    -94.20	    108.77 18.1 0.0
* PMPIX 0 0    81	    -78.50	    135.97 18.1 0.0
* PMPIX 0 0    82	    -47.10	    135.97 18.1 0.0
* PMPIX 0 0    83	    -15.70	    135.97 18.1 0.0
* PMPIX 0 0    84	     15.70	    135.97 18.1 0.0
* PMPIX 0 0    85	     47.10	    135.97 18.1 0.0
* PMPIX 0 0    86	     78.50	    135.97 18.1 0.0
* PMPIX 0 0    87	     94.20	    108.77 18.1 0.0
* PMPIX 0 0    88	    109.90	     81.58 18.1 0.0
* PMPIX 0 0    89	    125.60	     54.39 18.1 0.0
* PMPIX 0 0    90	    141.30	     27.19 18.1 0.0
* PMPIX 0 0    91	    188.40	     -0.00 18.1 0.0
* PMPIX 0 0    92	    172.70	    -27.19 18.1 0.0
* PMPIX 0 0    93	    157.00	    -54.39 18.1 0.0
* PMPIX 0 0    94	    141.30	    -81.58 18.1 0.0
* PMPIX 0 0    95	    125.60	   -108.77 18.1 0.0
* PMPIX 0 0    96	    109.90	   -135.97 18.1 0.0
* PMPIX 0 0    97	     94.20	   -163.16 18.1 0.0
* PMPIX 0 0    98	     62.80	   -163.16 18.1 0.0
* PMPIX 0 0    99	     31.40	   -163.16 18.1 0.0
* PMPIX 0 0    100	      0.00	   -163.16 18.1 0.0
* PMPIX 0 0    101	    -31.40	   -163.16 18.1 0.0
* PMPIX 0 0    102	    -62.80	   -163.16 18.1 0.0
* PMPIX 0 0    103	    -94.20	   -163.16 18.1 0.0
* PMPIX 0 0    104	   -109.90	   -135.97 18.1 0.0
* PMPIX 0 0    105	   -125.60	   -108.77 18.1 0.0
* PMPIX 0 0    106	   -141.30	    -81.58 18.1 0.0
* PMPIX 0 0    107	   -157.00	    -54.39 18.1 0.0
* PMPIX 0 0    108	   -172.70	    -27.19 18.1 0.0
* PMPIX 0 0    109	   -188.40	     -0.00 18.1 0.0
* PMPIX 0 0    110	   -172.70	     27.19 18.1 0.0
* PMPIX 0 0    111	   -157.00	     54.39 18.1 0.0
* PMPIX 0 0    112	   -141.30	     81.58 18.1 0.0
* PMPIX 0 0    113	   -125.60	    108.77 18.1 0.0
* PMPIX 0 0    114	   -109.90	    135.97 18.1 0.0
* PMPIX 0 0    115	    -94.20	    163.16 18.1 0.0
* PMPIX 0 0    116	    -62.80	    163.16 18.1 0.0
* PMPIX 0 0    117	    -31.40	    163.16 18.1 0.0
* PMPIX 0 0    118	     -0.00	    163.16 18.1 0.0
* PMPIX 0 0    119	     31.40	    163.16 18.1 0.0
* PMPIX 0 0    120	     62.80	    163.16 18.1 0.0
* PMPIX 0 0    121	     94.20	    163.16 18.1 0.0
* PMPIX 0 0    122	    109.90	    135.97 18.1 0.0
* PMPIX 0 0    123	    125.60	    108.77 18.1 0.0
* PMPIX 0 0    124	    141.30	     81.58 18.1 0.0
* PMPIX 0 0    125	    157.00	     54.39 18.1 0.0
* PMPIX 0 0    126	    172.70	     27.19 18.1 0.0
* PMPIX 0 0    127	    219.80	     -0.00 18.1 0.0
* PMPIX 0 0    128	    204.10	    -27.19 18.1 0.0
* PMPIX 0 0    129	    188.40	    -54.39 18.1 0.0
* PMPIX 0 0    130	    172.70	    -81.58 18.1 0.0
* PMPIX 0 0    131	    157.00	   -108.77 18.1 0.0
* PMPIX 0 0    132	    141.30	   -135.97 18.1 0.0
* PMPIX 0 0    133	    125.60	   -163.16 18.1 0.0
* PMPIX 0 0    134	    109.90	   -190.35 18.1 0.0
* PMPIX 0 0    135	     78.50	   -190.35 18.1 0.0
* PMPIX 0 0    136	     47.10	   -190.35 18.1 0.0
* PMPIX 0 0    137	     15.70	   -190.35 18.1 0.0
* PMPIX 0 0    138	    -15.70	   -190.35 18.1 0.0
* PMPIX 0 0    139	    -47.10	   -190.35 18.1 0.0
* PMPIX 0 0    140	    -78.50	   -190.35 18.1 0.0
* PMPIX 0 0    141	   -109.90	   -190.35 18.1 0.0
* PMPIX 0 0    142	   -125.60	   -163.16 18.1 0.0
* PMPIX 0 0    143	   -141.30	   -135.97 18.1 0.0
* PMPIX 0 0    144	   -157.00	   -108.77 18.1 0.0
* PMPIX 0 0    145	   -172.70	    -81.58 18.1 0.0
* PMPIX 0 0    146	   -188.40	    -54.39 18.1 0.0
* PMPIX 0 0    147	   -204.10	    -27.19 18.1 0.0
* PMPIX 0 0    148	   -219.80	     -0.00 18.1 0.0
* PMPIX 0 0    149	   -204.10	     27.19 18.1 0.0
* PMPIX 0 0    150	   -188.40	     54.39 18.1 0.0
* PMPIX 0 0    151	   -172.70	     81.58 18.1 0.0
* PMPIX 0 0    152	   -157.00	    108.77 18.1 0.0
* PMPIX 0 0    153	   -141.30	    135.97 18.1 0.0
* PMPIX 0 0    154	   -125.60	    163.16 18.1 0.0
* PMPIX 0 0    155	   -109.90	    190.35 18.1 0.0
* PMPIX 0 0    156	    -78.50	    190.35 18.1 0.0
* PMPIX 0 0    157	    -47.10	    190.35 18.1 0.0
* PMPIX 0 0    158	    -15.70	    190.35 18.1 0.0
* PMPIX 0 0    159	     15.70	    190.35 18.1 0.0
* PMPIX 0 0    160	     47.10	    190.35 18.1 0.0
* PMPIX 0 0    161	     78.50	    190.35 18.1 0.0
* PMPIX 0 0    162	    109.90	    190.35 18.1 0.0
* PMPIX 0 0    163	    125.60	    163.16 18.1 0.0
* PMPIX 0 0    164	    141.30	    135.97 18.1 0.0
* PMPIX 0 0    165	    157.00	    108.77 18.1 0.0
* PMPIX 0 0    166	    172.70	     81.58 18.1 0.0
* PMPIX 0 0    167	    188.40	     54.39 18.1 0.0
* PMPIX 0 0    168	    204.10	     27.19 18.1 0.0
* PMPIX 0 0    169	    251.20	     -0.00 18.1 0.0
* PMPIX 0 0    170	    235.50	    -27.19 18.1 0.0
* PMPIX 0 0    171	    219.80	    -54.39 18.1 0.0
* PMPIX 0 0    172	    204.10	    -81.58 18.1 0.0
* PMPIX 0 0    173	    188.40	   -108.77 18.1 0.0
* PMPIX 0 0    174	    172.70	   -135.97 18.1 0.0
* PMPIX 0 0    175	    157.00	   -163.16 18.1 0.0
* PMPIX 0 0    176	    141.30	   -190.35 18.1 0.0
* PMPIX 0 0    177	    125.60	   -217.55 18.1 0.0
* PMPIX 0 0    178	     94.20	   -217.55 18.1 0.0
* PMPIX 0 0    179	     62.80	   -217.55 18.1 0.0
* PMPIX 0 0    180	     31.40	   -217.55 18.1 0.0
* PMPIX 0 0    181	      0.00	   -217.55 18.1 0.0
* PMPIX 0 0    182	    -31.40	   -217.55 18.1 0.0
* PMPIX 0 0    183	    -62.80	   -217.55 18.1 0.0
* PMPIX 0 0    184	    -94.20	   -217.55 18.1 0.0
* PMPIX 0 0    185	   -125.60	   -217.55 18.1 0.0
* PMPIX 0 0    186	   -141.30	   -190.35 18.1 0.0
* PMPIX 0 0    187	   -157.00	   -163.16 18.1 0.0
* PMPIX 0 0    188	   -172.70	   -135.97 18.1 0.0
* PMPIX 0 0    189	   -188.40	   -108.77 18.1 0.0
* PMPIX 0 0    190	   -204.10	    -81.58 18.1 0.0
* PMPIX 0 0    191	   -219.80	    -54.39 18.1 0.0
* PMPIX 0 0    192	   -235.50	    -27.19 18.1 0.0
* PMPIX 0 0    193	   -251.20	     -0.00 18.1 0.0
* PMPIX 0 0    194	   -235.50	     27.19 18.1 0.0
* PMPIX 0 0    195	   -219.80	     54.39 18.1 0.0
* PMPIX 0 0    196	   -204.10	     81.58 18.1 0.0
* PMPIX 0 0    197	   -188.40	    108.77 18.1 0.0
* PMPIX 0 0    198	   -172.70	    135.97 18.1 0.0
* PMPIX 0 0    199	   -157.00	    163.16 18.1 0.0
* PMPIX 0 0    200	   -141.30	    190.35 18.1 0.0
* PMPIX 0 0    201	   -125.60	    217.55 18.1 0.0
* PMPIX 0 0    202	    -94.20	    217.55 18.1 0.0
* PMPIX 0 0    203	    -62.80	    217.55 18.1 0.0
* PMPIX 0 0    204	    -31.40	    217.55 18.1 0.0
* PMPIX 0 0    205	     -0.00	    217.55 18.1 0.0
* PMPIX 0 0    206	     31.40	    217.55 18.1 0.0
* PMPIX 0 0    207	     62.80	    217.55 18.1 0.0
* PMPIX 0 0    208	     94.20	    217.55 18.1 0.0
* PMPIX 0 0    209	    125.60	    217.55 18.1 0.0
* PMPIX 0 0    210	    141.30	    190.35 18.1 0.0
* PMPIX 0 0    211	    157.00	    163.16 18.1 0.0
* PMPIX 0 0    212	    172.70	    135.97 18.1 0.0
* PMPIX 0 0    213	    188.40	    108.77 18.1 0.0
* PMPIX 0 0    214	    204.10	     81.58 18.1 0.0
* PMPIX 0 0    215	    219.80	     54.39 18.1 0.0
* PMPIX 0 0    216	    235.50	     27.19 18.1 0.0
* PMPIX 0 0    217	    282.60	     -0.00 18.1 0.0
* PMPIX 0 0    218	    266.90	    -27.19 18.1 0.0
* PMPIX 0 0    219	    251.20	    -54.39 18.1 0.0
* PMPIX 0 0    220	    235.50	    -81.58 18.1 0.0
* PMPIX 0 0    221	    219.80	   -108.77 18.1 0.0
* PMPIX 0 0    222	    204.10	   -135.97 18.1 0.0
* PMPIX 0 0    223	    188.40	   -163.16 18.1 0.0
* PMPIX 0 0    224	    172.70	   -190.35 18.1 0.0
* PMPIX 0 0    225	    157.00	   -217.55 18.1 0.0
* PMPIX 0 0    226	    141.30	   -244.74 18.1 0.0
* PMPIX 0 0    227	    109.90	   -244.74 18.1 0.0
* PMPIX 0 0    228	     78.50	   -244.74 18.1 0.0
* PMPIX 0 0    229	     47.10	   -244.74 18.1 0.0
* PMPIX 0 0    230	     15.70	   -244.74 18.1 0.0
* PMPIX 0 0    231	    -15.70	   -244.74 18.1 0.0
* PMPIX 0 0    232	    -47.10	   -244.74 18.1 0.0
* PMPIX 0 0    233	    -78.50	   -244.74 18.1 0.0
* PMPIX 0 0    234	   -109.90	   -244.74 18.1 0.0
* PMPIX 0 0    235	   -141.30	   -244.74 18.1 0.0
* PMPIX 0 0    236	   -157.00	   -217.55 18.1 0.0
* PMPIX 0 0    237	   -172.70	   -190.35 18.1 0.0
* PMPIX 0 0    238	   -188.40	   -163.16 18.1 0.0
* PMPIX 0 0    239	   -204.10	   -135.97 18.1 0.0
* PMPIX 0 0    240	   -219.80	   -108.77 18.1 0.0
* PMPIX 0 0    241	   -235.50	    -81.58 18.1 0.0
* PMPIX 0 0    242	   -251.20	    -54.39 18.1 0.0
* PMPIX 0 0    243	   -266.90	    -27.19 18.1 0.0
* PMPIX 0 0    244	   -282.60	     -0.00 18.1 0.0
* PMPIX 0 0    245	   -266.90	     27.19 18.1 0.0
* PMPIX 0 0    246	   -251.20	     54.39 18.1 0.0
* PMPIX 0 0    247	   -235.50	     81.58 18.1 0.0
* PMPIX 0 0    248	   -219.80	    108.77 18.1 0.0
* PMPIX 0 0    249	   -204.10	    135.97 18.1 0.0
* PMPIX 0 0    250	   -188.40	    163.16 18.1 0.0
* PMPIX 0 0    251	   -172.70	    190.35 18.1 0.0
* PMPIX 0 0    252	   -157.00	    217.55 18.1 0.0
* PMPIX 0 0    253	   -141.30	    244.74 18.1 0.0
* PMPIX 0 0    254	   -109.90	    244.74 18.1 0.0
* PMPIX 0 0    255	    -78.50	    244.74 18.1 0.0
* PMPIX 0 0    256	    -47.10	    244.74 18.1 0.0
* PMPIX 0 0    257	    -15.70	    244.74 18.1 0.0
* PMPIX 0 0    258	     15.70	    244.74 18.1 0.0
* PMPIX 0 0    259	     47.10	    244.74 18.1 0.0
* PMPIX 0 0    260	     78.50	    244.74 18.1 0.0
* PMPIX 0 0    261	    109.90	    244.74 18.1 0.0
* PMPIX 0 0    262	    141.30	    244.74 18.1 0.0
* PMPIX 0 0    263	    157.00	    217.55 18.1 0.0
* PMPIX 0 0    264	    172.70	    190.35 18.1 0.0
* PMPIX 0 0    265	    188.40	    163.16 18.1 0.0
* PMPIX 0 0    266	    204.10	    135.97 18.1 0.0
* PMPIX 0 0    267	    219.80	    108.77 18.1 0.0
* PMPIX 0 0    268	    235.50	     81.58 18.1 0.0
* PMPIX 0 0    269	    251.20	     54.39 18.1 0.0
* PMPIX 0 0    270	    266.90	     27.19 18.1 0.0
* PMPIX 0 0    271	    314.00	     -0.00 18.1 0.0
* PMPIX 0 0    272	    298.30	    -27.19 18.1 0.0
* PMPIX 0 0    273	    282.60	    -54.39 18.1 0.0
* PMPIX 0 0    274	    266.90	    -81.58 18.1 0.0
* PMPIX 0 0    275	    251.20	   -108.77 18.1 0.0
* PMPIX 0 0    276	    235.50	   -135.97 18.1 0.0
* PMPIX 0 0    277	    219.80	   -163.16 18.1 0.0
* PMPIX 0 0    278	    204.10	   -190.35 18.1 0.0
* PMPIX 0 0    279	    188.40	   -217.55 18.1 0.0
* PMPIX 0 0    280	    172.70	   -244.74 18.1 0.0
* PMPIX 0 0    281	    157.00	   -271.93 18.1 0.0
* PMPIX 0 0    282	    125.60	   -271.93 18.1 0.0
* PMPIX 0 0    283	     94.20	   -271.93 18.1 0.0
* PMPIX 0 0    284	     62.80	   -271.93 18.1 0.0
* PMPIX 0 0    285	     31.40	   -271.93 18.1 0.0
* PMPIX 0 0    286	      0.00	   -271.93 18.1 0.0
* PMPIX 0 0    287	    -31.40	   -271.93 18.1 0.0
* PMPIX 0 0    288	    -62.80	   -271.93 18.1 0.0
* PMPIX 0 0    289	    -94.20	   -271.93 18.1 0.0
* PMPIX 0 0    290	   -125.60	   -271.93 18.1 0.0
* PMPIX 0 0    291	   -157.00	   -271.93 18.1 0.0
* PMPIX 0 0    292	   -172.70	   -244.74 18.1 0.0
* PMPIX 0 0    293	   -188.40	   -217.55 18.1 0.0
* PMPIX 0 0    294	   -204.10	   -190.35 18.1 0.0
* PMPIX 0 0    295	   -219.80	   -163.16 18.1 0.0
* PMPIX 0 0    296	   -235.50	   -135.97 18.1 0.0
* PMPIX 0 0    297	   -251.20	   -108.77 18.1 0.0
* PMPIX 0 0    298	   -266.90	    -81.58 18.1 0.0
* PMPIX 0 0    299	   -282.60	    -54.39 18.1 0.0
* PMPIX 0 0    300	   -298.30	    -27.19 18.1 0.0
* PMPIX 0 0    301	   -314.00	     -0.00 18.1 0.0
* PMPIX 0 0    302	   -298.30	     27.19 18.1 0.0
* PMPIX 0 0    303	   -282.60	     54.39 18.1 0.0
* PMPIX 0 0    304	   -266.90	     81.58 18.1 0.0
* PMPIX 0 0    305	   -251.20	    108.77 18.1 0.0
* PMPIX 0 0    306	   -235.50	    135.97 18.1 0.0
* PMPIX 0 0    307	   -219.80	    163.16 18.1 0.0
* PMPIX 0 0    308	   -204.10	    190.35 18.1 0.0
* PMPIX 0 0    309	   -188.40	    217.55 18.1 0.0
* PMPIX 0 0    310	   -172.70	    244.74 18.1 0.0
* PMPIX 0 0    311	   -157.00	    271.93 18.1 0.0
* PMPIX 0 0    312	   -125.60	    271.93 18.1 0.0
* PMPIX 0 0    313	    -94.20	    271.93 18.1 0.0
* PMPIX 0 0    314	    -62.80	    271.93 18.1 0.0
* PMPIX 0 0    315	    -31.40	    271.93 18.1 0.0
* PMPIX 0 0    316	     -0.00	    271.93 18.1 0.0
* PMPIX 0 0    317	     31.40	    271.93 18.1 0.0
* PMPIX 0 0    318	     62.80	    271.93 18.1 0.0
* PMPIX 0 0    319	     94.20	    271.93 18.1 0.0
* PMPIX 0 0    320	    125.60	    271.93 18.1 0.0
* PMPIX 0 0    321	    157.00	    271.93 18.1 0.0
* PMPIX 0 0    322	    172.70	    244.74 18.1 0.0
* PMPIX 0 0    323	    188.40	    217.55 18.1 0.0
* PMPIX 0 0    324	    204.10	    190.35 18.1 0.0
* PMPIX 0 0    325	    219.80	    163.16 18.1 0.0
* PMPIX 0 0    326	    235.50	    135.97 18.1 0.0
* PMPIX 0 0    327	    251.20	    108.77 18.1 0.0
* PMPIX 0 0    328	    266.90	     81.58 18.1 0.0
* PMPIX 0 0    329	    282.60	     54.39 18.1 0.0
* PMPIX 0 0    330	    298.30	     27.19 18.1 0.0
* PMPIX 0 0    331	    345.40	     -0.00 18.1 0.0
* PMPIX 0 0    332	    329.70	    -27.19 18.1 0.0
* PMPIX 0 0    333	    314.00	    -54.39 18.1 0.0
* PMPIX 0 0    334	    298.30	    -81.58 18.1 0.0
* PMPIX 0 0    335	    282.60	   -108.77 18.1 0.0
* PMPIX 0 0    336	    266.90	   -135.97 18.1 0.0
* PMPIX 0 0    337	    251.20	   -163.16 18.1 0.0
* PMPIX 0 0    338	    235.50	   -190.35 18.1 0.0
* PMPIX 0 0    339	    219.80	   -217.55 18.1 0.0
* PMPIX 0 0    340	    204.10	   -244.74 18.1 0.0
* PMPIX 0 0    341	    188.40	   -271.93 18.1 0.0
* PMPIX 0 0    342	    172.70	   -299.13 18.1 0.0
* PMPIX 0 0    343	    141.30	   -299.13 18.1 0.0
* PMPIX 0 0    344	    109.90	   -299.13 18.1 0.0
* PMPIX 0 0    345	     78.50	   -299.13 18.1 0.0
* PMPIX 0 0    346	     47.10	   -299.13 18.1 0.0
* PMPIX 0 0    347	     15.70	   -299.13 18.1 0.0
* PMPIX 0 0    348	    -15.70	   -299.13 18.1 0.0
* PMPIX 0 0    349	    -47.10	   -299.13 18.1 0.0
* PMPIX 0 0    350	    -78.50	   -299.13 18.1 0.0
* PMPIX 0 0    351	   -109.90	   -299.13 18.1 0.0
* PMPIX 0 0    352	   -141.30	   -299.13 18.1 0.0
* PMPIX 0 0    353	   -172.70	   -299.13 18.1 0.0
* PMPIX 0 0    354	   -188.40	   -271.93 18.1 0.0
* PMPIX 0 0    355	   -204.10	   -244.74 18.1 0.0
* PMPIX 0 0    356	   -219.80	   -217.55 18.1 0.0
* PMPIX 0 0    357	   -235.50	   -190.35 18.1 0.0
* PMPIX 0 0    358	   -251.20	   -163.16 18.1 0.0
* PMPIX 0 0    359	   -266.90	   -135.97 18.1 0.0
* PMPIX 0 0    360	   -282.60	   -108.77 18.1 0.0
* PMPIX 0 0    361	   -298.30	    -81.58 18.1 0.0
* PMPIX 0 0    362	   -314.00	    -54.39 18.1 0.0
* PMPIX 0 0    363	   -329.70	    -27.19 18.1 0.0
* PMPIX 0 0    364	   -345.40	     -0.00 18.1 0.0
* PMPIX 0 0    365	   -329.70	     27.19 18.1 0.0
* PMPIX 0 0    366	   -314.00	     54.39 18.1 0.0
* PMPIX 0 0    367	   -298.30	     81.58 18.1 0.0
* PMPIX 0 0    368	   -282.60	    108.77 18.1 0.0
* PMPIX 0 0    369	   -266.90	    135.97 18.1 0.0
* PMPIX 0 0    370	   -251.20	    163.16 18.1 0.0
* PMPIX 0 0    371	   -235.50	    190.35 18.1 0.0
* PMPIX 0 0    372	   -219.80	    217.55 18.1 0.0
* PMPIX 0 0    373	   -204.10	    244.74 18.1 0.0
* PMPIX 0 0    374	   -188.40	    271.93 18.1 0.0
* PMPIX 0 0    375	   -172.70	    299.13 18.1 0.0
* PMPIX 0 0    376	   -141.30	    299.13 18.1 0.0
* PMPIX 0 0    377	   -109.90	    299.13 18.1 0.0
* PMPIX 0 0    378	    -78.50	    299.13 18.1 0.0
* PMPIX 0 0    379	    -47.10	    299.13 18.1 0.0
* PMPIX 0 0    380	    -15.70	    299.13 18.1 0.0
* PMPIX 0 0    381	     15.70	    299.13 18.1 0.0
* PMPIX 0 0    382	     47.10	    299.13 18.1 0.0
* PMPIX 0 0    383	     78.50	    299.13 18.1 0.0
* PMPIX 0 0    384	    109.90	    299.13 18.1 0.0
* PMPIX 0 0    385	    141.30	    299.13 18.1 0.0
* PMPIX 0 0    386	    172.70	    299.13 18.1 0.0
* PMPIX 0 0    387	    188.40	    271.93 18.1 0.0
* PMPIX 0 0    388	    204.10	    244.74 18.1 0.0
* PMPIX 0 0    389	    219.80	    217.55 18.1 0.0
* PMPIX 0 0    390	    235.50	    190.35 18.1 0.0
* PMPIX 0 0    391	    251.20	    163.16 18.1 0.0
* PMPIX 0 0    392	    266.90	    135.97 18.1 0.0
* PMPIX 0 0    393	    282.60	    108.77 18.1 0.0
* PMPIX 0 0    394	    298.30	     81.58 18.1 0.0
* PMPIX 0 0    395	    314.00	     54.39 18.1 0.0
* PMPIX 0 0    396	    329.70	     27.19 18.1 0.0
* PMPIX 0 0    397	    361.10	    -27.19 18.1 0.0
* PMPIX 0 0    398	    345.40	    -54.39 18.1 0.0
* PMPIX 0 0    399	    329.70	    -81.58 18.1 0.0
* PMPIX 0 0    400	    314.00	   -108.77 18.1 0.0
* PMPIX 0 0    401	    298.30	   -135.97 18.1 0.0
* PMPIX 0 0    402	    282.60	   -163.16 18.1 0.0
* PMPIX 0 0    403	    266.90	   -190.35 18.1 0.0
* PMPIX 0 0    404	    251.20	   -217.55 18.1 0.0
* PMPIX 0 0    405	    235.50	   -244.74 18.1 0.0
* PMPIX 0 0    406	    219.80	   -271.93 18.1 0.0
* PMPIX 0 0    407	    204.10	   -299.13 18.1 0.0
* PMPIX 0 0    408	    157.00	   -326.32 18.1 0.0
* PMPIX 0 0    409	    125.60	   -326.32 18.1 0.0
* PMPIX 0 0    410	     94.20	   -326.32 18.1 0.0
* PMPIX 0 0    411	     62.80	   -326.32 18.1 0.0
* PMPIX 0 0    412	     31.40	   -326.32 18.1 0.0
* PMPIX 0 0    413	      0.00	   -326.32 18.1 0.0
* PMPIX 0 0    414	    -31.40	   -326.32 18.1 0.0
* PMPIX 0 0    415	    -62.80	   -326.32 18.1 0.0
* PMPIX 0 0    416	    -94.20	   -326.32 18.1 0.0
* PMPIX 0 0    417	   -125.60	   -326.32 18.1 0.0
* PMPIX 0 0    418	   -157.00	   -326.32 18.1 0.0
* PMPIX 0 0    419	   -204.10	   -299.13 18.1 0.0
* PMPIX 0 0    420	   -219.80	   -271.93 18.1 0.0
* PMPIX 0 0    421	   -235.50	   -244.74 18.1 0.0
* PMPIX 0 0    422	   -251.20	   -217.55 18.1 0.0
* PMPIX 0 0    423	   -266.90	   -190.35 18.1 0.0
* PMPIX 0 0    424	   -282.60	   -163.16 18.1 0.0
* PMPIX 0 0    425	   -298.30	   -135.97 18.1 0.0
* PMPIX 0 0    426	   -314.00	   -108.77 18.1 0.0
* PMPIX 0 0    427	   -329.70	    -81.58 18.1 0.0
* PMPIX 0 0    428	   -345.40	    -54.39 18.1 0.0
* PMPIX 0 0    429	   -361.10	    -27.19 18.1 0.0
* PMPIX 0 0    430	   -361.10	     27.19 18.1 0.0
* PMPIX 0 0    431	   -345.40	     54.39 18.1 0.0
* PMPIX 0 0    432	   -329.70	     81.58 18.1 0.0
* PMPIX 0 0    433	   -314.00	    108.77 18.1 0.0
* PMPIX 0 0    434	   -298.30	    135.97 18.1 0.0
* PMPIX 0 0    435	   -282.60	    163.16 18.1 0.0
* PMPIX 0 0    436	   -266.90	    190.35 18.1 0.0
* PMPIX 0 0    437	   -251.20	    217.55 18.1 0.0
* PMPIX 0 0    438	   -235.50	    244.74 18.1 0.0
* PMPIX 0 0    439	   -219.80	    271.93 18.1 0.0
* PMPIX 0 0    440	   -204.10	    299.13 18.1 0.0
* PMPIX 0 0    441	   -157.00	    326.32 18.1 0.0
* PMPIX 0 0    442	   -125.60	    326.32 18.1 0.0
* PMPIX 0 0    443	    -94.20	    326.32 18.1 0.0
* PMPIX 0 0    444	    -62.80	    326.32 18.1 0.0
* PMPIX 0 0    445	    -31.40	    326.32 18.1 0.0
* PMPIX 0 0    446	     -0.00	    326.32 18.1 0.0
* PMPIX 0 0    447	     31.40	    326.32 18.1 0.0
* PMPIX 0 0    448	     62.80	    326.32 18.1 0.0
* PMPIX 0 0    449	     94.20	    326.32 18.1 0.0
* PMPIX 0 0    450	    125.60	    326.32 18.1 0.0
* PMPIX 0 0    451	    157.00	    326.32 18.1 0.0
* PMPIX 0 0    452	    204.10	    299.13 18.1 0.0
* PMPIX 0 0    453	    219.80	    271.93 18.1 0.0
* PMPIX 0 0    454	    235.50	    244.74 18.1 0.0
* PMPIX 0 0    455	    251.20	    217.55 18.1 0.0
* PMPIX 0 0    456	    266.90	    190.35 18.1 0.0
* PMPIX 0 0    457	    282.60	    163.16 18.1 0.0
* PMPIX 0 0    458	    298.30	    135.97 18.1 0.0
* PMPIX 0 0    459	    314.00	    108.77 18.1 0.0
* PMPIX 0 0    460	    329.70	     81.58 18.1 0.0
* PMPIX 0 0    461	    345.40	     54.39 18.1 0.0
* PMPIX 0 0    462	    361.10	     27.19 18.1 0.0
* PMPIX 0 0    463	    345.40	   -108.77 18.1 0.0
* PMPIX 0 0    464	    329.70	   -135.97 18.1 0.0
* PMPIX 0 0    465	    314.00	   -163.16 18.1 0.0
* PMPIX 0 0    466	    298.30	   -190.35 18.1 0.0
* PMPIX 0 0    467	    282.60	   -217.55 18.1 0.0
* PMPIX 0 0    468	    266.90	   -244.74 18.1 0.0
* PMPIX 0 0    469	     78.50	   -353.51 18.1 0.0
* PMPIX 0 0    470	     47.10	   -353.51 18.1 0.0
* PMPIX 0 0    471	     15.70	   -353.51 18.1 0.0
* PMPIX 0 0    472	    -15.70	   -353.51 18.1 0.0
* PMPIX 0 0    473	    -47.10	   -353.51 18.1 0.0
* PMPIX 0 0    474	    -78.50	   -353.51 18.1 0.0
* PMPIX 0 0    475	   -266.90	   -244.74 18.1 0.0
* PMPIX 0 0    476	   -282.60	   -217.55 18.1 0.0
* PMPIX 0 0    477	   -298.30	   -190.35 18.1 0.0
* PMPIX 0 0    478	   -314.00	   -163.16 18.1 0.0
* PMPIX 0 0    479	   -329.70	   -135.97 18.1 0.0
* PMPIX 0 0    480	   -345.40	   -108.77 18.1 0.0
* PMPIX 0 0    481	   -345.40	    108.77 18.1 0.0
* PMPIX 0 0    482	   -329.70	    135.97 18.1 0.0
* PMPIX 0 0    483	   -314.00	    163.16 18.1 0.0
* PMPIX 0 0    484	   -298.30	    190.35 18.1 0.0
* PMPIX 0 0    485	   -282.60	    217.55 18.1 0.0
* PMPIX 0 0    486	   -266.90	    244.74 18.1 0.0
* PMPIX 0 0    487	    -78.50	    353.51 18.1 0.0
* PMPIX 0 0    488	    -47.10	    353.51 18.1 0.0
* PMPIX 0 0    489	    -15.70	    353.51 18.1 0.0
* PMPIX 0 0    490	     15.70	    353.51 18.1 0.0
* PMPIX 0 0    491	     47.10	    353.51 18.1 0.0
* PMPIX 0 0    492	     78.50	    353.51 18.1 0.0
* PMPIX 0 0    493	    266.90	    244.74 18.1 0.0
* PMPIX 0 0    494	    282.60	    217.55 18.1 0.0
* PMPIX 0 0    495	    298.30	    190.35 18.1 0.0
* PMPIX 0 0    496	    314.00	    163.16 18.1 0.0
* PMPIX 0 0    497	    329.70	    135.97 18.1 0.0
* PMPIX 0 0    498	    345.40	    108.77 18.1 0.0
